0.405967
0.405967
0.355119
0.355119
0.897492
0.897492
0.718233
0.718233
0.98942
0.98942
0.633487
0.633487
0.599589
0.599589
0.192809
0.192809
0.58264
0.58264
0.311453
0.311453
0.108064
0.108064
0.260606
0.260606
0.531792
0.531792
0.918463
0.918463
0.1727
0.1727
0.409988
0.409988
0.0032087
0.0032087
0.833717
0.833717
0.0879545
0.0879545
0.647277
0.647277
0.799819
0.799819
0.681175
0.681175
0.935412
0.935412
0.132769
0.132769
0.742939
0.742939
0.217515
0.217515
0.675142
0.675142
0.70904
0.70904
0.827684
0.827684
0.488701
0.488701
0.302261
0.302261
0.759888
0.759888
0.5226
0.5226
0.774539
0.774539
0.876234
0.876234
0.0457252
0.0457252
0.0626744
0.0626744
0.0796235
0.0796235
0.401657
0.401657
0.859285
0.859285
0.893183
0.893183
0.571149
0.571149
0.983961
0.983961
0.136504
0.136504
0.594131
0.594131
0.0178597
0.0178597
0.577182
0.577182
0.153453
0.153453
0.102605
0.102605
0.899216
0.899216
0.526334
0.526334
0.780572
0.780572
0.179308
0.179308
0.433545
0.433545
0.009816
0.009816
0.467443
0.467443
0.0945618
0.0945618
0.501341
0.501341
0.806426
0.806426
0.247104
0.247104
0.942019
0.942019
0.442163
0.442163
0.730299
0.730299
0.272672
0.272672
0.662502
0.662502
0.950638
0.950638
0.815044
0.815044
0.221824
0.221824
0.289621
0.289621
0.967587
0.967587
0.50996
0.50996
0.556211
0.556211
0.335872
0.335872
0.624007
0.624007
0.0477361
0.0477361
0.386719
0.386719
0.0816344
0.0816344
0.36977
0.36977
0.861295
0.861295
0.352821
0.352821
0.57316
0.57316
0.713062
0.713062
0.136791
0.136791
0.628316
0.628316
0.0181469
0.0181469
0.187638
0.187638
0.15374
0.15374
0.899503
0.899503
0.255435
0.255435
0.780859
0.780859
0.917888
0.917888
0.426363
0.426363
0.409414
0.409414
0.460261
0.460261
0.833143
0.833143
0.49416
0.49416
0.646702
0.646702
0.239922
0.239922
0.6806
0.6806
0.449058
0.449058
0.127024
0.127024
0.279566
0.279566
0.211769
0.211769
0.957532
0.957532
0.703295
0.703295
0.228719
0.228719
0.482956
0.482956
0.974481
0.974481
0.754142
0.754142
0.546156
0.546156
0.766495
0.766495
0.613953
0.613953
0.86819
0.86819
0.376665
0.376665
0.0546307
0.0546307
0.359715
0.359715
0.393614
0.393614
0.342766
0.342766
0.885139
0.885139
0.717946
0.717946
0.989132
0.989132
0.6332
0.6332
0.599302
0.599302
0.192522
0.192522
0.582353
0.582353
0.311166
0.311166
0.107776
0.107776
0.260319
0.260319
0.531505
0.531505
0.920474
0.920474
0.174711
0.174711
0.411999
0.411999
0.00521962
0.00521962
0.835728
0.835728
0.0899654
0.0899654
0.649287
0.649287
0.80183
0.80183
0.683186
0.683186
0.937423
0.937423
0.129609
0.129609
0.214355
0.214355
0.671982
0.671982
0.70588
0.70588
0.824524
0.824524
0.485541
0.485541
0.299101
0.299101
0.756728
0.756728
0.51944
0.51944
0.770804
0.770804
0.330126
0.330126
0.872499
0.872499
0.472901
0.472901
0.845783
0.845783
0.10002
0.10002
0.5068
0.5068
0.659342
0.659342
0.811884
0.811884
0.252562
0.252562
0.69324
0.69324
0.947478
0.947478
0.444748
0.444748
0.122715
0.122715
0.732884
0.732884
0.275257
0.275257
0.20746
0.20746
0.665087
0.665087
0.953223
0.953223
0.698986
0.698986
0.81763
0.81763
0.22441
0.22441
0.478647
0.478647
0.292206
0.292206
0.970172
0.970172
0.749833
0.749833
0.512545
0.512545
0.558796
0.558796
0.779135
0.779135
0.338457
0.338457
0.626593
0.626593
0.88083
0.88083
0.0503216
0.0503216
0.389305
0.389305
0.0672707
0.0672707
0.0842199
0.0842199
0.372356
0.372356
0.406254
0.406254
0.863881
0.863881
0.355406
0.355406
0.897779
0.897779
0.575745
0.575745
0.717659
0.717659
0.988845
0.988845
0.141387
0.141387
0.632913
0.632913
0.599015
0.599015
0.0227433
0.0227433
0.192235
0.192235
0.582065
0.582065
0.158337
0.158337
0.310879
0.310879
0.107489
0.107489
0.904099
0.904099
0.260031
0.260031
0.531218
0.531218
0.785455
0.785455
0.919612
0.919612
0.173849
0.173849
0.428087
0.428087
0.411137
0.411137
0.0043578
0.0043578
0.461985
0.461985
0.834866
0.834866
0.0891036
0.0891036
0.495883
0.495883
0.648426
0.648426
0.800968
0.800968
0.241646
0.241646
0.682324
0.682324
0.936561
0.936561
0.452218
0.452218
0.130184
0.130184
0.740353
0.740353
0.282726
0.282726
0.214929
0.214929
0.672557
0.672557
0.960692
0.960692
0.706455
0.706455
0.825099
0.825099
0.231879
0.231879
0.486116
0.486116
0.299675
0.299675
0.977641
0.977641
0.757302
0.757302
0.520014
0.520014
0.555062
0.555062
0.775401
0.775401
0.334723
0.334723
0.622858
0.622858
0.877096
0.877096
0.046587
0.046587
0.38557
0.38557
0.0635362
0.0635362
0.0804853
0.0804853
0.368621
0.368621
0.402519
0.402519
0.860146
0.860146
0.351672
0.351672
0.894045
0.894045
0.572011
0.572011
0.726851
0.726851
0.998038
0.998038
0.15058
0.15058
0.642106
0.642106
0.608207
0.608207
0.0319361
0.0319361
0.201428
0.201428
0.591258
0.591258
0.167529
0.167529
0.320072
0.320072
0.116682
0.116682
0.913292
0.913292
0.269224
0.269224
0.540411
0.540411
0.794648
0.794648
0.924208
0.924208
0.178446
0.178446
0.432683
0.432683
0.415734
0.415734
0.00895418
0.00895418
0.466581
0.466581
0.839463
0.839463
0.0936999
0.0936999
0.50048
0.50048
0.653022
0.653022
0.805564
0.805564
0.246242
0.246242
0.68692
0.68692
0.941158
0.941158
0.456527
0.456527
0.134493
0.134493
0.744662
0.744662
0.287035
0.287035
0.219239
0.219239
0.676866
0.676866
0.965001
0.965001
0.710764
0.710764
0.829408
0.829408
0.236188
0.236188
0.490425
0.490425
0.303984
0.303984
0.98195
0.98195
0.761611
0.761611
0.524323
0.524323
0.55104
0.55104
0.771379
0.771379
0.330701
0.330701
0.618836
0.618836
0.873074
0.873074
0.0425652
0.0425652
0.381548
0.381548
0.0595144
0.0595144
0.0764635
0.0764635
0.364599
0.364599
0.398497
0.398497
0.856125
0.856125
0.34765
0.34765
0.890023
0.890023
0.567989
0.567989
0.721393
0.721393
0.99258
0.99258
0.145122
0.145122
0.636647
0.636647
0.602749
0.602749
0.0264779
0.0264779
0.195969
0.195969
0.5858
0.5858
0.162071
0.162071
0.314613
0.314613
0.111224
0.111224
0.907834
0.907834
0.263766
0.263766
0.534952
0.534952
0.78919
0.78919
0.928518
0.928518
0.182755
0.182755
0.436992
0.436992
0.420043
0.420043
0.0132633
0.0132633
0.47089
0.47089
0.843772
0.843772
0.098009
0.098009
0.504789
0.504789
0.657331
0.657331
0.809873
0.809873
0.250551
0.250551
0.691229
0.691229
0.945467
0.945467
0.448356
0.448356
0.126323
0.126323
0.736492
0.736492
0.278865
0.278865
0.211068
0.211068
0.668695
0.668695
0.956831
0.956831
0.702594
0.702594
0.821238
0.821238
0.228017
0.228017
0.482255
0.482255
0.295814
0.295814
0.97378
0.97378
0.753441
0.753441
0.516153
0.516153
0.551775
0.551775
0.772114
0.772114
0.331436
0.331436
0.619572
0.619572
0.873809
0.873809
0.0433004
0.0433004
0.382283
0.382283
0.0602496
0.0602496
0.0771987
0.0771987
0.365334
0.365334
0.399233
0.399233
0.85686
0.85686
0.348385
0.348385
0.890758
0.890758
0.568724
0.568724
0.724139
0.724139
0.995326
0.995326
0.147868
0.147868
0.639394
0.639394
0.605495
0.605495
0.029224
0.029224
0.198716
0.198716
0.588546
0.588546
0.164817
0.164817
0.31736
0.31736
0.11397
0.11397
0.91058
0.91058
0.266512
0.266512
0.537699
0.537699
0.791936
0.791936
0.768379
0.768379
0.327701
0.327701
0.615837
0.615837
0.870074
0.870074
0.0395659
0.0395659
0.378549
0.378549
0.056515
0.056515
0.0734642
0.0734642
0.3616
0.3616
0.395498
0.395498
0.853125
0.853125
0.344651
0.344651
0.887024
0.887024
0.56499
0.56499
0.714372
0.714372
0.985558
0.985558
0.138101
0.138101
0.629626
0.629626
0.595728
0.595728
0.0194567
0.0194567
0.188948
0.188948
0.578779
0.578779
0.15505
0.15505
0.307592
0.307592
0.104202
0.104202
0.900813
0.900813
0.256745
0.256745
0.527931
0.527931
0.782169
0.782169
0.922645
0.922645
0.176883
0.176883
0.43112
0.43112
0.414171
0.414171
0.00739121
0.00739121
0.465018
0.465018
0.8379
0.8379
0.092137
0.092137
0.498917
0.498917
0.651459
0.651459
0.804001
0.804001
0.244679
0.244679
0.685357
0.685357
0.939595
0.939595
0.445484
0.445484
0.12345
0.12345
0.733619
0.733619
0.275992
0.275992
0.208196
0.208196
0.665823
0.665823
0.953958
0.953958
0.699721
0.699721
0.818365
0.818365
0.225145
0.225145
0.479382
0.479382
0.292941
0.292941
0.970907
0.970907
0.750568
0.750568
0.51328
0.51328
0.552924
0.552924
0.773263
0.773263
0.332585
0.332585
0.620721
0.620721
0.874958
0.874958
0.0444495
0.0444495
0.383433
0.383433
0.0613987
0.0613987
0.0783478
0.0783478
0.366483
0.366483
0.400382
0.400382
0.858009
0.858009
0.349534
0.349534
0.891907
0.891907
0.569873
0.569873
0.722703
0.722703
0.993889
0.993889
0.146432
0.146432
0.637957
0.637957
0.604059
0.604059
0.0277877
0.0277877
0.197279
0.197279
0.58711
0.58711
0.163381
0.163381
0.315923
0.315923
0.112533
0.112533
0.909144
0.909144
0.265076
0.265076
0.536262
0.536262
0.7905
0.7905
0.922358
0.922358
0.176595
0.176595
0.430833
0.430833
0.413884
0.413884
0.00710394
0.00710394
0.464731
0.464731
0.837612
0.837612
0.0918497
0.0918497
0.498629
0.498629
0.651172
0.651172
0.803714
0.803714
0.244392
0.244392
0.68507
0.68507
0.939307
0.939307
0.444335
0.444335
0.122301
0.122301
0.73247
0.73247
0.274843
0.274843
0.207046
0.207046
0.664674
0.664674
0.952809
0.952809
0.698572
0.698572
0.817216
0.817216
0.223996
0.223996
0.478233
0.478233
0.291792
0.291792
0.969758
0.969758
0.749419
0.749419
0.512131
0.512131
0.557233
0.557233
0.777572
0.777572
0.336894
0.336894
0.62503
0.62503
0.879267
0.879267
0.0487586
0.0487586
0.387742
0.387742
0.0657078
0.0657078
0.0826569
0.0826569
0.370793
0.370793
0.404691
0.404691
0.862318
0.862318
0.353843
0.353843
0.896216
0.896216
0.574182
0.574182
0.722128
0.722128
0.993315
0.993315
0.145857
0.145857
0.637383
0.637383
0.603484
0.603484
0.0272131
0.0272131
0.196705
0.196705
0.586535
0.586535
0.162806
0.162806
0.315349
0.315349
0.111959
0.111959
0.908569
0.908569
0.264501
0.264501
0.535688
0.535688
0.789925
0.789925
0.915464
0.915464
0.169701
0.169701
0.423938
0.423938
0.406989
0.406989
0.000209369
0.000209369
0.457836
0.457836
0.830718
0.830718
0.0849551
0.0849551
0.491735
0.491735
0.644277
0.644277
0.79682
0.79682
0.237498
0.237498
0.678176
0.678176
0.932413
0.932413
0.452091
0.452091
0.130057
0.130057
0.740227
0.740227
0.282599
0.282599
0.214803
0.214803
0.67243
0.67243
0.960566
0.960566
0.706328
0.706328
0.824972
0.824972
0.231752
0.231752
0.485989
0.485989
0.299549
0.299549
0.977515
0.977515
0.757176
0.757176
0.519888
0.519888
0.543157
0.543157
0.763496
0.763496
0.322818
0.322818
0.610953
0.610953
0.865191
0.865191
0.0346822
0.0346822
0.373665
0.373665
0.0516314
0.0516314
0.0685805
0.0685805
0.356716
0.356716
0.390614
0.390614
0.848242
0.848242
0.339767
0.339767
0.88214
0.88214
0.560106
0.560106
0.712361
0.712361
0.983548
0.983548
0.13609
0.13609
0.627615
0.627615
0.593717
0.593717
0.0174458
0.0174458
0.186937
0.186937
0.576768
0.576768
0.153039
0.153039
0.305581
0.305581
0.102192
0.102192
0.898802
0.898802
0.254734
0.254734
0.52592
0.52592
0.780158
0.780158
0.92322
0.92322
0.177457
0.177457
0.431695
0.431695
0.414745
0.414745
0.00796576
0.00796576
0.465593
0.465593
0.838474
0.838474
0.0927115
0.0927115
0.499491
0.499491
0.652034
0.652034
0.804576
0.804576
0.245254
0.245254
0.685932
0.685932
0.940169
0.940169
0.456975
0.456975
0.134941
0.134941
0.74511
0.74511
0.287483
0.287483
0.219687
0.219687
0.677314
0.677314
0.965449
0.965449
0.711212
0.711212
0.829856
0.829856
0.236636
0.236636
0.490873
0.490873
0.908282
0.908282
0.264214
0.264214
0.5354
0.5354
0.789638
0.789638
0.9169
0.9169
0.171137
0.171137
0.425375
0.425375
0.408425
0.408425
0.00164574
0.00164574
0.459273
0.459273
0.832154
0.832154
0.0863915
0.0863915
0.493171
0.493171
0.645714
0.645714
0.798256
0.798256
0.238934
0.238934
0.679612
0.679612
0.933849
0.933849
0.454676
0.454676
0.132643
0.132643
0.742812
0.742812
0.285185
0.285185
0.217388
0.217388
0.675015
0.675015
0.963151
0.963151
0.708914
0.708914
0.827558
0.827558
0.234338
0.234338
0.488575
0.488575
0.302134
0.302134
0.9801
0.9801
0.759761
0.759761
0.522473
0.522473
0.543731
0.543731
0.76407
0.76407
0.323392
0.323392
0.611528
0.611528
0.865765
0.865765
0.0352568
0.0352568
0.37424
0.37424
0.0522059
0.0522059
0.0691551
0.0691551
0.357291
0.357291
0.391189
0.391189
0.848816
0.848816
0.340342
0.340342
0.882714
0.882714
0.560681
0.560681
0.714659
0.714659
0.985846
0.985846
0.138388
0.138388
0.629914
0.629914
0.596015
0.596015
0.019744
0.019744
0.189236
0.189236
0.579066
0.579066
0.155337
0.155337
0.30788
0.30788
0.10449
0.10449
0.9011
0.9011
0.257032
0.257032
0.528219
0.528219
0.782456
0.782456
0.923795
0.923795
0.178032
0.178032
0.432269
0.432269
0.41532
0.41532
0.00854031
0.00854031
0.466167
0.466167
0.839049
0.839049
0.0932861
0.0932861
0.500066
0.500066
0.652608
0.652608
0.805151
0.805151
0.245828
0.245828
0.686506
0.686506
0.940744
0.940744
0.444622
0.444622
0.122588
0.122588
0.732758
0.732758
0.27513
0.27513
0.207334
0.207334
0.664961
0.664961
0.953097
0.953097
0.698859
0.698859
0.817503
0.817503
0.224283
0.224283
0.47852
0.47852
0.29208
0.29208
0.970046
0.970046
0.749707
0.749707
0.512419
0.512419
0.548615
0.548615
0.768954
0.768954
0.328276
0.328276
0.616412
0.616412
0.870649
0.870649
0.0401404
0.0401404
0.379123
0.379123
0.0570896
0.0570896
0.0740387
0.0740387
0.362174
0.362174
0.396073
0.396073
0.8537
0.8537
0.345225
0.345225
0.887598
0.887598
0.565564
0.565564
0.717245
0.717245
0.988431
0.988431
0.140974
0.140974
0.632499
0.632499
0.598601
0.598601
0.0223294
0.0223294
0.191821
0.191821
0.581652
0.581652
0.157923
0.157923
0.310465
0.310465
0.107075
0.107075
0.903685
0.903685
0.259618
0.259618
0.530804
0.530804
0.785041
0.785041
0.92638
0.92638
0.180617
0.180617
0.434855
0.434855
0.417905
0.417905
0.0111258
0.0111258
0.468753
0.468753
0.841634
0.841634
0.0958715
0.0958715
0.502651
0.502651
0.655194
0.655194
0.807736
0.807736
0.248414
0.248414
0.689092
0.689092
0.943329
0.943329
0.448931
0.448931
0.126897
0.126897
0.737067
0.737067
0.279439
0.279439
0.211643
0.211643
0.66927
0.66927
0.957406
0.957406
0.703168
0.703168
0.821812
0.821812
0.228592
0.228592
0.482829
0.482829
0.296389
0.296389
0.974355
0.974355
0.754016
0.754016
0.516728
0.516728
0.54919
0.54919
0.769529
0.769529
0.328851
0.328851
0.616986
0.616986
0.871223
0.871223
0.040715
0.040715
0.379698
0.379698
0.0576641
0.0576641
0.0746133
0.0746133
0.362749
0.362749
0.396647
0.396647
0.854274
0.854274
0.3458
0.3458
0.888173
0.888173
0.566139
0.566139
0.713797
0.713797
0.984984
0.984984
0.137526
0.137526
0.629052
0.629052
0.595153
0.595153
0.0188822
0.0188822
0.188374
0.188374
0.578204
0.578204
0.154475
0.154475
0.307018
0.307018
0.103628
0.103628
0.900238
0.900238
0.25617
0.25617
0.527357
0.527357
0.781594
0.781594
0.928966
0.928966
0.183203
0.183203
0.43744
0.43744
0.420491
0.420491
0.0137112
0.0137112
0.471338
0.471338
0.84422
0.84422
0.098457
0.098457
0.505237
0.505237
0.657779
0.657779
0.810321
0.810321
0.250999
0.250999
0.691677
0.691677
0.945915
0.945915
0.445771
0.445771
0.123737
0.123737
0.733907
0.733907
0.276279
0.276279
0.208483
0.208483
0.66611
0.66611
0.954246
0.954246
0.700008
0.700008
0.818652
0.818652
0.225432
0.225432
0.479669
0.479669
0.293229
0.293229
0.971195
0.971195
0.750856
0.750856
0.513568
0.513568
0.556946
0.556946
0.777285
0.777285
0.336607
0.336607
0.624743
0.624743
0.87898
0.87898
0.0484714
0.0484714
0.387454
0.387454
0.0654205
0.0654205
0.0823697
0.0823697
0.370505
0.370505
0.404404
0.404404
0.862031
0.862031
0.353556
0.353556
0.895929
0.895929
0.573895
0.573895
0.727299
0.727299
0.998486
0.998486
0.151028
0.151028
0.642554
0.642554
0.608655
0.608655
0.032384
0.032384
0.707765
0.707765
0.826409
0.826409
0.233188
0.233188
0.487426
0.487426
0.300985
0.300985
0.978951
0.978951
0.758612
0.758612
0.521324
0.521324
0.557521
0.557521
0.77786
0.77786
0.337182
0.337182
0.625317
0.625317
0.879554
0.879554
0.0490459
0.0490459
0.388029
0.388029
0.0659951
0.0659951
0.0829442
0.0829442
0.37108
0.37108
0.404978
0.404978
0.862605
0.862605
0.354131
0.354131
0.896504
0.896504
0.57447
0.57447
0.720979
0.720979
0.992166
0.992166
0.144708
0.144708
0.636234
0.636234
0.602335
0.602335
0.026064
0.026064
0.195556
0.195556
0.585386
0.585386
0.161657
0.161657
0.3142
0.3142
0.11081
0.11081
0.90742
0.90742
0.263352
0.263352
0.534539
0.534539
0.788776
0.788776
0.931264
0.931264
0.185501
0.185501
0.439738
0.439738
0.422789
0.422789
0.0160094
0.0160094
0.473637
0.473637
0.846518
0.846518
0.100755
0.100755
0.507535
0.507535
0.660077
0.660077
0.81262
0.81262
0.253298
0.253298
0.693976
0.693976
0.948213
0.948213
0.449506
0.449506
0.127472
0.127472
0.737641
0.737641
0.280014
0.280014
0.212217
0.212217
0.669845
0.669845
0.95798
0.95798
0.703743
0.703743
0.822387
0.822387
0.229167
0.229167
0.483404
0.483404
0.296963
0.296963
0.974929
0.974929
0.75459
0.75459
0.517302
0.517302
0.552062
0.552062
0.772401
0.772401
0.331723
0.331723
0.619859
0.619859
0.874096
0.874096
0.0435877
0.0435877
0.382571
0.382571
0.0605369
0.0605369
0.077486
0.077486
0.365622
0.365622
0.39952
0.39952
0.857147
0.857147
0.348672
0.348672
0.891045
0.891045
0.569012
0.569012
0.725288
0.725288
0.996475
0.996475
0.149017
0.149017
0.640543
0.640543
0.606644
0.606644
0.0303731
0.0303731
0.199865
0.199865
0.589695
0.589695
0.165966
0.165966
0.318509
0.318509
0.115119
0.115119
0.622327
0.622327
0.893514
0.893514
0.57148
0.57148
0.72747
0.72747
0.998656
0.998656
0.151199
0.151199
0.642724
0.642724
0.608826
0.608826
0.0325544
0.0325544
0.202046
0.202046
0.591876
0.591876
0.168148
0.168148
0.32069
0.32069
0.1173
0.1173
0.91391
0.91391
0.269843
0.269843
0.541029
0.541029
0.795266
0.795266
0.917358
0.917358
0.171595
0.171595
0.425832
0.425832
0.408883
0.408883
0.00210343
0.00210343
0.459731
0.459731
0.832612
0.832612
0.0868492
0.0868492
0.493629
0.493629
0.646171
0.646171
0.798714
0.798714
0.239392
0.239392
0.68007
0.68007
0.934307
0.934307
0.453698
0.453698
0.131664
0.131664
0.741833
0.741833
0.284206
0.284206
0.21641
0.21641
0.674037
0.674037
0.962172
0.962172
0.707935
0.707935
0.826579
0.826579
0.233359
0.233359
0.487596
0.487596
0.301155
0.301155
0.979122
0.979122
0.758783
0.758783
0.521494
0.521494
0.559127
0.559127
0.779466
0.779466
0.338788
0.338788
0.626924
0.626924
0.881161
0.881161
0.0506527
0.0506527
0.389636
0.389636
0.0676019
0.0676019
0.084551
0.084551
0.372687
0.372687
0.406585
0.406585
0.864212
0.864212
0.355737
0.355737
0.89811
0.89811
0.576076
0.576076
0.71483
0.71483
0.986016
0.986016
0.138558
0.138558
0.630084
0.630084
0.596186
0.596186
0.0199144
0.0199144
0.189406
0.189406
0.579236
0.579236
0.155508
0.155508
0.30805
0.30805
0.10466
0.10466
0.90127
0.90127
0.257203
0.257203
0.528389
0.528389
0.782626
0.782626
0.9277
0.9277
0.181937
0.181937
0.436174
0.436174
0.419225
0.419225
0.0124453
0.0124453
0.470072
0.470072
0.842954
0.842954
0.0971911
0.0971911
0.503971
0.503971
0.656513
0.656513
0.809055
0.809055
0.249733
0.249733
0.690411
0.690411
0.944649
0.944649
0.446229
0.446229
0.124195
0.124195
0.14258
0.14258
0.634106
0.634106
0.600207
0.600207
0.0239362
0.0239362
0.193428
0.193428
0.583258
0.583258
0.159529
0.159529
0.312072
0.312072
0.108682
0.108682
0.905292
0.905292
0.261224
0.261224
0.532411
0.532411
0.786648
0.786648
0.918794
0.918794
0.173031
0.173031
0.427269
0.427269
0.410319
0.410319
0.0035398
0.0035398
0.461167
0.461167
0.834048
0.834048
0.0882856
0.0882856
0.495065
0.495065
0.647608
0.647608
0.80015
0.80015
0.240828
0.240828
0.681506
0.681506
0.935743
0.935743
0.455421
0.455421
0.133388
0.133388
0.743557
0.743557
0.28593
0.28593
0.218133
0.218133
0.67576
0.67576
0.963896
0.963896
0.709659
0.709659
0.828303
0.828303
0.235082
0.235082
0.48932
0.48932
0.302879
0.302879
0.980845
0.980845
0.760506
0.760506
0.523218
0.523218
0.55252
0.55252
0.772859
0.772859
0.332181
0.332181
0.620317
0.620317
0.874554
0.874554
0.0440454
0.0440454
0.383028
0.383028
0.0609945
0.0609945
0.0779437
0.0779437
0.366079
0.366079
0.399978
0.399978
0.857605
0.857605
0.34913
0.34913
0.891503
0.891503
0.569469
0.569469
0.711957
0.711957
0.983143
0.983143
0.135686
0.135686
0.627211
0.627211
0.593313
0.593313
0.0170417
0.0170417
0.186533
0.186533
0.576364
0.576364
0.152635
0.152635
0.305177
0.305177
0.101787
0.101787
0.898398
0.898398
0.25433
0.25433
0.525516
0.525516
0.779754
0.779754
0.92655
0.92655
0.180788
0.180788
0.435025
0.435025
0.418076
0.418076
0.0112962
0.0112962
0.468923
0.468923
0.841805
0.841805
0.096042
0.096042
0.502822
0.502822
0.655364
0.655364
0.807906
0.807906
0.248584
0.248584
0.689262
0.689262
0.9435
0.9435
0.441345
0.441345
0.119311
0.119311
0.729481
0.729481
0.271854
0.271854
0.204057
0.204057
0.661684
0.661684
0.94982
0.94982
0.695582
0.695582
0.814226
0.814226
0.221006
0.221006
0.475243
0.475243
0.288803
0.288803
0.966769
0.966769
0.74643
0.74643
0.509142
0.509142
0.542753
0.542753
0.763092
0.763092
0.322414
0.322414
0.610549
0.610549
0.864787
0.864787
0.0342781
0.0342781
0.373261
0.373261
0.0512272
0.0512272
0.0681764
0.0681764
0.356312
0.356312
0.39021
0.39021
0.847837
0.847837
0.339363
0.339363
0.881736
0.881736
0.559702
0.559702
0.719713
0.719713
0.9909
0.9909
0.143442
0.143442
0.634968
0.634968
0.601069
0.601069
0.0247981
0.0247981
0.19429
0.19429
0.58412
0.58412
0.160391
0.160391
0.312934
0.312934
0.109544
0.109544
0.906154
0.906154
0.262086
0.262086
0.533273
0.533273
0.78751
0.78751
0.931434
0.931434
0.185671
0.185671
0.439909
0.439909
0.422959
0.422959
0.0161798
0.0161798
0.473807
0.473807
0.846688
0.846688
0.100926
0.100926
0.507705
0.507705
0.660248
0.660248
0.81279
0.81279
0.253468
0.253468
0.694146
0.694146
0.948383
0.948383
0.447091
0.447091
0.125057
0.125057
0.735226
0.735226
0.277599
0.277599
0.209802
0.209802
0.667429
0.667429
0.955565
0.955565
0.701328
0.701328
0.819972
0.819972
0.226752
0.226752
0.480989
0.480989
0.294548
0.294548
0.972514
0.972514
0.752175
0.752175
0.514887
0.514887
0.545625
0.545625
0.765964
0.765964
0.325286
0.325286
0.613422
0.613422
0.867659
0.867659
0.0371508
0.0371508
0.376134
0.376134
0.0541
0.0541
0.0710491
0.0710491
0.359185
0.359185
0.393083
0.393083
0.85071
0.85071
0.342236
0.342236
0.884608
0.884608
0.562575
0.562575
0.726033
0.726033
0.99722
0.99722
0.149762
0.149762
0.641288
0.641288
0.607389
0.607389
0.0311181
0.0311181
0.20061
0.20061
0.59044
0.59044
0.166711
0.166711
0.319254
0.319254
0.115864
0.115864
0.912474
0.912474
0.268406
0.268406
0.539593
0.539593
0.79383
0.79383
0.927125
0.927125
0.181362
0.181362
0.4356
0.4356
0.41865
0.41865
0.0118707
0.0118707
0.469498
0.469498
0.842379
0.842379
0.0966165
0.0966165
0.503396
0.503396
0.655939
0.655939
0.808481
0.808481
0.249159
0.249159
0.689837
0.689837
0.944074
0.944074
0.441632
0.441632
0.119598
0.119598
0.729768
0.729768
0.272141
0.272141
0.204344
0.204344
0.661971
0.661971
0.950107
0.950107
0.69587
0.69587
0.814514
0.814514
0.221293
0.221293
0.475531
0.475531
0.28909
0.28909
0.967056
0.967056
0.746717
0.746717
0.509429
0.509429
0.552233
0.552233
0.772572
0.772572
0.331894
0.331894
0.620029
0.620029
0.874267
0.874267
0.0437581
0.0437581
0.382741
0.382741
0.0607073
0.0607073
0.0776564
0.0776564
0.365792
0.365792
0.39969
0.39969
0.857317
0.857317
0.681793
0.681793
0.936031
0.936031
0.446803
0.446803
0.124769
0.124769
0.734939
0.734939
0.277312
0.277312
0.209515
0.209515
0.667142
0.667142
0.955278
0.955278
0.701041
0.701041
0.819685
0.819685
0.226464
0.226464
0.480702
0.480702
0.294261
0.294261
0.972227
0.972227
0.751888
0.751888
0.5146
0.5146
0.547636
0.547636
0.767975
0.767975
0.327297
0.327297
0.615433
0.615433
0.86967
0.86967
0.0391617
0.0391617
0.378145
0.378145
0.0561109
0.0561109
0.0730601
0.0730601
0.361196
0.361196
0.395094
0.395094
0.852721
0.852721
0.344247
0.344247
0.886619
0.886619
0.564586
0.564586
0.722873
0.722873
0.99406
0.99406
0.146602
0.146602
0.638128
0.638128
0.604229
0.604229
0.0279581
0.0279581
0.19745
0.19745
0.58728
0.58728
0.163551
0.163551
0.316094
0.316094
0.112704
0.112704
0.909314
0.909314
0.265246
0.265246
0.536433
0.536433
0.79067
0.79067
0.92339
0.92339
0.177628
0.177628
0.431865
0.431865
0.414916
0.414916
0.00813618
0.00813618
0.465763
0.465763
0.838645
0.838645
0.0928819
0.0928819
0.499662
0.499662
0.652204
0.652204
0.804746
0.804746
0.245424
0.245424
0.686102
0.686102
0.94034
0.94034
0.447378
0.447378
0.125344
0.125344
0.735513
0.735513
0.277886
0.277886
0.21009
0.21009
0.667717
0.667717
0.955852
0.955852
0.701615
0.701615
0.820259
0.820259
0.227039
0.227039
0.481276
0.481276
0.294835
0.294835
0.972802
0.972802
0.752463
0.752463
0.515174
0.515174
0.544189
0.544189
0.764528
0.764528
0.32385
0.32385
0.611986
0.611986
0.866223
0.866223
0.0357145
0.0357145
0.374698
0.374698
0.0526636
0.0526636
0.0696128
0.0696128
0.357748
0.357748
0.391647
0.391647
0.849274
0.849274
0.340799
0.340799
0.883172
0.883172
0.561138
0.561138
0.725459
0.725459
0.996645
0.996645
0.149188
0.149188
0.640713
0.640713
0.606815
0.606815
0.0305435
0.0305435
0.200035
0.200035
0.589866
0.589866
0.166137
0.166137
0.318679
0.318679
0.115289
0.115289
0.911899
0.911899
0.267832
0.267832
0.539018
0.539018
0.793255
0.793255
0.92023
0.92023
0.174468
0.174468
0.428705
0.428705
0.411756
0.411756
0.00497617
0.00497617
0.462603
0.462603
0.835485
0.835485
0.0897219
0.0897219
0.496502
0.496502
0.649044
0.649044
0.801586
0.801586
0.242264
0.242264
0.682942
0.682942
0.93718
0.93718
0.455134
0.455134
0.1331
0.1331
0.74327
0.74327
0.285643
0.285643
0.217846
0.217846
0.675473
0.675473
0.963609
0.963609
0.709371
0.709371
0.828016
0.828016
0.234795
0.234795
0.489032
0.489032
0.302592
0.302592
0.980558
0.980558
0.760219
0.760219
0.522931
0.522931
0.557691
0.557691
0.77803
0.77803
0.337352
0.337352
0.625488
0.625488
0.879725
0.879725
0.0492163
0.0492163
0.388199
0.388199
0.0661655
0.0661655
0.0831146
0.0831146
0.37125
0.37125
0.405149
0.405149
0.862776
0.862776
0.354301
0.354301
0.896674
0.896674
0.57464
0.57464
0.715979
0.715979
0.987165
0.987165
0.139708
0.139708
0.631233
0.631233
0.597335
0.597335
0.0210635
0.0210635
0.190555
0.190555
0.580386
0.580386
0.156657
0.156657
0.309199
0.309199
0.105809
0.105809
0.902419
0.902419
0.258352
0.258352
0.529538
0.529538
0.783775
0.783775
0.931721
0.931721
0.185959
0.185959
0.440196
0.440196
0.423247
0.423247
0.0164671
0.0164671
0.474094
0.474094
0.846976
0.846976
0.101213
0.101213
0.507993
0.507993
0.660535
0.660535
0.813077
0.813077
0.253755
0.253755
0.694433
0.694433
0.948671
0.948671
0.446516
0.446516
0.124482
0.124482
0.734652
0.734652
0.277024
0.277024
0.209228
0.209228
0.666855
0.666855
0.954991
0.954991
0.700753
0.700753
0.819397
0.819397
0.226177
0.226177
0.480414
0.480414
0.293974
0.293974
0.97194
0.97194
0.751601
0.751601
0.514313
0.514313
0.546775
0.546775
0.767114
0.767114
0.326436
0.326436
0.614571
0.614571
0.868808
0.868808
0.0382999
0.0382999
0.377283
0.377283
0.0552491
0.0552491
0.0721982
0.0721982
0.360334
0.360334
0.394232
0.394232
0.851859
0.851859
0.343385
0.343385
0.885758
0.885758
0.563724
0.563724
0.723448
0.723448
0.994634
0.994634
0.147177
0.147177
0.638702
0.638702
0.604804
0.604804
0.0285326
0.0285326
0.198024
0.198024
0.587855
0.587855
0.164126
0.164126
0.316668
0.316668
0.113278
0.113278
0.909889
0.909889
0.265821
0.265821
0.537007
0.537007
0.791244
0.791244
0.927987
0.927987
0.182224
0.182224
0.436461
0.436461
0.419512
0.419512
0.0127326
0.0127326
0.47036
0.47036
0.843241
0.843241
0.0811037
0.0811037
0.369239
0.369239
0.403138
0.403138
0.860765
0.860765
0.35229
0.35229
0.894663
0.894663
0.572629
0.572629
0.719373
0.719373
0.990559
0.990559
0.143101
0.143101
0.634627
0.634627
0.600728
0.600728
0.0244572
0.0244572
0.193949
0.193949
0.583779
0.583779
0.16005
0.16005
0.312593
0.312593
0.109203
0.109203
0.905813
0.905813
0.261745
0.261745
0.532932
0.532932
0.787169
0.787169
0.924486
0.924486
0.178723
0.178723
0.432961
0.432961
0.416011
0.416011
0.00923171
0.00923171
0.466859
0.466859
0.83974
0.83974
0.0939775
0.0939775
0.500757
0.500757
0.6533
0.6533
0.805842
0.805842
0.24652
0.24652
0.687198
0.687198
0.941435
0.941435
0.452782
0.452782
0.130749
0.130749
0.740918
0.740918
0.283291
0.283291
0.215494
0.215494
0.673121
0.673121
0.961257
0.961257
0.70702
0.70702
0.825664
0.825664
0.232443
0.232443
0.486681
0.486681
0.30024
0.30024
0.978206
0.978206
0.757867
0.757867
0.520579
0.520579
0.557925
0.557925
0.778264
0.778264
0.337586
0.337586
0.625721
0.625721
0.879959
0.879959
0.04945
0.04945
0.388433
0.388433
0.0663992
0.0663992
0.0833483
0.0833483
0.371484
0.371484
0.405382
0.405382
0.863009
0.863009
0.354535
0.354535
0.896908
0.896908
0.574874
0.574874
0.713914
0.713914
0.985101
0.985101
0.137643
0.137643
0.629169
0.629169
0.59527
0.59527
0.018999
0.018999
0.188491
0.188491
0.578321
0.578321
0.154592
0.154592
0.307135
0.307135
0.103745
0.103745
0.900355
0.900355
0.256287
0.256287
0.527474
0.527474
0.781711
0.781711
0.928221
0.928221
0.182458
0.182458
0.436695
0.436695
0.419746
0.419746
0.0129663
0.0129663
0.470593
0.470593
0.843475
0.843475
0.097712
0.097712
0.504492
0.504492
0.657034
0.657034
0.809576
0.809576
0.250254
0.250254
0.690932
0.690932
0.94517
0.94517
0.457379
0.457379
0.135345
0.135345
0.745514
0.745514
0.287887
0.287887
0.220091
0.220091
0.677718
0.677718
0.965853
0.965853
0.711616
0.711616
0.83026
0.83026
0.23704
0.23704
0.491277
0.491277
0.304836
0.304836
0.982803
0.982803
0.762464
0.762464
0.525175
0.525175
0.545285
0.545285
0.765624
0.765624
0.324946
0.324946
0.613081
0.613081
0.867319
0.867319
0.03681
0.03681
0.375793
0.375793
0.0537591
0.0537591
0.0707083
0.0707083
0.358844
0.358844
0.392742
0.392742
0.850369
0.850369
0.341895
0.341895
0.884268
0.884268
0.562234
0.562234
0.724256
0.724256
0.995443
0.995443
0.147985
0.147985
0.63951
0.63951
0.605612
0.605612
0.0293409
0.0293409
0.198832
0.198832
0.588663
0.588663
0.164934
0.164934
0.317476
0.317476
0.114087
0.114087
0.910697
0.910697
0.266629
0.266629
0.537815
0.537815
0.792053
0.792053
0.920751
0.920751
0.174989
0.174989
0.429226
0.429226
0.412277
0.412277
0.00549715
0.00549715
0.463124
0.463124
0.836006
0.836006
0.0902429
0.0902429
0.497023
0.497023
0.649565
0.649565
0.802107
0.802107
0.242785
0.242785
0.683463
0.683463
0.937701
0.937701
0.443015
0.443015
0.120981
0.120981
0.731151
0.731151
0.273524
0.273524
0.205727
0.205727
0.663354
0.663354
0.95149
0.95149
0.697252
0.697252
0.815896
0.815896
0.222676
0.222676
0.476913
0.476913
0.290473
0.290473
0.968439
0.968439
0.7481
0.7481
0.510812
0.510812
0.549594
0.549594
0.769933
0.769933
0.329255
0.329255
0.61739
0.61739
0.871628
0.871628
0.0411191
0.0411191
0.380102
0.380102
0.0580683
0.0580683
0.0750174
0.0750174
0.363153
0.363153
0.397051
0.397051
0.854678
0.854678
0.346204
0.346204
0.888577
0.888577
0.566543
0.566543
0.7165
0.7165
0.987686
0.987686
0.140229
0.140229
0.631754
0.631754
0.597856
0.597856
0.0215845
0.0215845
0.191076
0.191076
0.580907
0.580907
0.157178
0.157178
0.30972
0.30972
0.10633
0.10633
0.90294
0.90294
0.258873
0.258873
0.530059
0.530059
0.784296
0.784296
0.925635
0.925635
0.179872
0.179872
0.43411
0.43411
0.41716
0.41716
0.0103808
0.0103808
0.468008
0.468008
0.840889
0.840889
0.0951266
0.0951266
0.501906
0.501906
0.654449
0.654449
0.806991
0.806991
0.247669
0.247669
0.688347
0.688347
0.942584
0.942584
0.451346
0.451346
0.129312
0.129312
0.739482
0.739482
0.281855
0.281855
0.214058
0.214058
0.671685
0.671685
0.959821
0.959821
0.705583
0.705583
0.824227
0.824227
0.231007
0.231007
0.485244
0.485244
0.298804
0.298804
0.97677
0.97677
0.756431
0.756431
0.519143
0.519143
0.549306
0.549306
0.769645
0.769645
0.328967
0.328967
0.407393
0.407393
0.0006135
0.0006135
0.458241
0.458241
0.831122
0.831122
0.0853593
0.0853593
0.492139
0.492139
0.644681
0.644681
0.797224
0.797224
0.237902
0.237902
0.67858
0.67858
0.932817
0.932817
0.441004
0.441004
0.11897
0.11897
0.72914
0.72914
0.271513
0.271513
0.203716
0.203716
0.661343
0.661343
0.949479
0.949479
0.695242
0.695242
0.813886
0.813886
0.220665
0.220665
0.474902
0.474902
0.288462
0.288462
0.966428
0.966428
0.746089
0.746089
0.508801
0.508801
0.550168
0.550168
0.770507
0.770507
0.329829
0.329829
0.617965
0.617965
0.872202
0.872202
0.0416937
0.0416937
0.380677
0.380677
0.0586428
0.0586428
0.075592
0.075592
0.363728
0.363728
0.397626
0.397626
0.855253
0.855253
0.346778
0.346778
0.889151
0.889151
0.567117
0.567117
0.727991
0.727991
0.999177
0.999177
0.15172
0.15172
0.643245
0.643245
0.609347
0.609347
0.0330754
0.0330754
0.202567
0.202567
0.592398
0.592398
0.168669
0.168669
0.321211
0.321211
0.117821
0.117821
0.914431
0.914431
0.270364
0.270364
0.54155
0.54155
0.795787
0.795787
0.921613
0.921613
0.175851
0.175851
0.430088
0.430088
0.413139
0.413139
0.00635898
0.00635898
0.463986
0.463986
0.836867
0.836867
0.0911047
0.0911047
0.497884
0.497884
0.650427
0.650427
0.802969
0.802969
0.243647
0.243647
0.684325
0.684325
0.938562
0.938562
0.443877
0.443877
0.121843
0.121843
0.732013
0.732013
0.274385
0.274385
0.206589
0.206589
0.664216
0.664216
0.952352
0.952352
0.698114
0.698114
0.816758
0.816758
0.223538
0.223538
0.477775
0.477775
0.291335
0.291335
0.969301
0.969301
0.748962
0.748962
0.511674
0.511674
0.556488
0.556488
0.776827
0.776827
0.336149
0.336149
0.624285
0.624285
0.878522
0.878522
0.0480137
0.0480137
0.386997
0.386997
0.0649628
0.0649628
0.081912
0.081912
0.370048
0.370048
0.403946
0.403946
0.861573
0.861573
0.353098
0.353098
0.895471
0.895471
0.573437
0.573437
0.723682
0.723682
0.994868
0.994868
0.14741
0.14741
0.638936
0.638936
0.605038
0.605038
0.0287663
0.0287663
0.198258
0.198258
0.588088
0.588088
0.16436
0.16436
0.316902
0.316902
0.113512
0.113512
0.910122
0.910122
0.266054
0.266054
0.537241
0.537241
0.791478
0.791478
0.916155
0.916155
0.170392
0.170392
0.42463
0.42463
0.40768
0.40768
0.000900774
0.000900774
0.458528
0.458528
0.831409
0.831409
0.0856465
0.0856465
0.492426
0.492426
0.644969
0.644969
0.797511
0.797511
0.238189
0.238189
0.678867
0.678867
0.933104
0.933104
0.450484
0.450484
0.12845
0.12845
0.73862
0.73862
0.280993
0.280993
0.213196
0.213196
0.670823
0.670823
0.958959
0.958959
0.704722
0.704722
0.823366
0.823366
0.230145
0.230145
0.484383
0.484383
0.297942
0.297942
0.975908
0.975908
0.755569
0.755569
0.518281
0.518281
0.543848
0.543848
0.764187
0.764187
0.323509
0.323509
0.611645
0.611645
0.865882
0.865882
0.0353736
0.0353736
0.374357
0.374357
0.0523228
0.0523228
0.0692719
0.0692719
0.357408
0.357408
0.391306
0.391306
0.848933
0.848933
0.340458
0.340458
0.882831
0.882831
0.560797
0.560797
0.725693
0.725693
0.996879
0.996879
0.149421
0.149421
0.640947
0.640947
0.607048
0.607048
0.0307772
0.0307772
0.200269
0.200269
0.590099
0.590099
0.16637
0.16637
0.318913
0.318913
0.115523
0.115523
0.912133
0.912133
0.268065
0.268065
0.539252
0.539252
0.793489
0.793489
0.916442
0.916442
0.17068
0.17068
0.424917
0.424917
0.407968
0.407968
0.00118805
0.00118805
0.458815
0.458815
0.831697
0.831697
0.0859338
0.0859338
0.492713
0.492713
0.645256
0.645256
0.797798
0.797798
0.238476
0.238476
0.679154
0.679154
0.933392
0.933392
0.443302
0.443302
0.121268
0.121268
0.731438
0.731438
0.273811
0.273811
0.206014
0.206014
0.663641
0.663641
0.951777
0.951777
0.69754
0.69754
0.816184
0.816184
0.222963
0.222963
0.477201
0.477201
0.29076
0.29076
0.968726
0.968726
0.748387
0.748387
0.511099
0.511099
0.550743
0.550743
0.771082
0.771082
0.330404
0.330404
0.618539
0.618539
0.872777
0.872777
0.0422682
0.0422682
0.381251
0.381251
0.0592173
0.0592173
0.0761665
0.0761665
0.364302
0.364302
0.3982
0.3982
0.855828
0.855828
0.347353
0.347353
0.889726
0.889726
0.567692
0.567692
0.715638
0.715638
0.986824
0.986824
0.139367
0.139367
0.630892
0.630892
0.596994
0.596994
0.0207227
0.0207227
0.190214
0.190214
0.580045
0.580045
0.156316
0.156316
0.308858
0.308858
0.105468
0.105468
0.902079
0.902079
0.258011
0.258011
0.510237
0.510237
0.555914
0.555914
0.776253
0.776253
0.335575
0.335575
0.62371
0.62371
0.877948
0.877948
0.0474391
0.0474391
0.386422
0.386422
0.0643883
0.0643883
0.0813374
0.0813374
0.369473
0.369473
0.403371
0.403371
0.860999
0.860999
0.352524
0.352524
0.894897
0.894897
0.572863
0.572863
0.716787
0.716787
0.987973
0.987973
0.140516
0.140516
0.632041
0.632041
0.598143
0.598143
0.0218718
0.0218718
0.191363
0.191363
0.581194
0.581194
0.157465
0.157465
0.310007
0.310007
0.106618
0.106618
0.903228
0.903228
0.25916
0.25916
0.530346
0.530346
0.784584
0.784584
0.929657
0.929657
0.183894
0.183894
0.438131
0.438131
0.421182
0.421182
0.0144026
0.0144026
0.47203
0.47203
0.844911
0.844911
0.0991484
0.0991484
0.505928
0.505928
0.658471
0.658471
0.811013
0.811013
0.251691
0.251691
0.692369
0.692369
0.946606
0.946606
0.455942
0.455942
0.133909
0.133909
0.744078
0.744078
0.286451
0.286451
0.218654
0.218654
0.676281
0.676281
0.964417
0.964417
0.71018
0.71018
0.828824
0.828824
0.235603
0.235603
0.489841
0.489841
0.3034
0.3034
0.981366
0.981366
0.761027
0.761027
0.523739
0.523739
0.546434
0.546434
0.766773
0.766773
0.326095
0.326095
0.61423
0.61423
0.868468
0.868468
0.0379591
0.0379591
0.376942
0.376942
0.0549082
0.0549082
0.0718574
0.0718574
0.359993
0.359993
0.393891
0.393891
0.851518
0.851518
0.343044
0.343044
0.885417
0.885417
0.563383
0.563383
0.728278
0.728278
0.999464
0.999464
0.152007
0.152007
0.643532
0.643532
0.609634
0.609634
0.0333627
0.0333627
0.202854
0.202854
0.592685
0.592685
0.168956
0.168956
0.321498
0.321498
0.118108
0.118108
0.914719
0.914719
0.270651
0.270651
0.541837
0.541837
0.796075
0.796075
0.921039
0.921039
0.175276
0.175276
0.429513
0.429513
0.412564
0.412564
0.00578443
0.00578443
0.463412
0.463412
0.836293
0.836293
0.0905302
0.0905302
0.49731
0.49731
0.649852
0.649852
0.802395
0.802395
0.243073
0.243073
0.683751
0.683751
0.937988
0.937988
0.445026
0.445026
0.122992
0.122992
0.733162
0.733162
0.275535
0.275535
0.207738
0.207738
0.665365
0.665365
0.953501
0.953501
0.699263
0.699263
0.817907
0.817907
0.224687
0.224687
0.478924
0.478924
0.292484
0.292484
0.97045
0.97045
0.750111
0.750111
0.512823
0.512823
0.553903
0.553903
0.774242
0.774242
0.333564
0.333564
0.621699
0.621699
0.875937
0.875937
0.0454282
0.0454282
0.384411
0.384411
0.0623774
0.0623774
0.0793265
0.0793265
0.367462
0.367462
0.40136
0.40136
0.858988
0.858988
0.350513
0.350513
0.892886
0.892886
0.570852
0.570852
0.724543
0.724543
0.99573
0.99573
0.148272
0.148272
0.639798
0.639798
0.605899
0.605899
0.0296282
0.0296282
0.19912
0.19912
0.58895
0.58895
0.165221
0.165221
0.317764
0.317764
0.114374
0.114374
0.910984
0.910984
0.266916
0.266916
0.538103
0.538103
0.79234
0.79234
0.930231
0.930231
0.184469
0.184469
0.438706
0.438706
0.421757
0.421757
0.0149772
0.0149772
0.472604
0.472604
0.845486
0.845486
0.099723
0.099723
0.506503
0.506503
0.659045
0.659045
0.811587
0.811587
0.252265
0.252265
0.692943
0.692943
0.947181
0.947181
0.449622
0.449622
0.127589
0.127589
0.737758
0.737758
0.280131
0.280131
0.212334
0.212334
0.669961
0.669961
0.958097
0.958097
0.70386
0.70386
0.822504
0.822504
0.229283
0.229283
0.483521
0.483521
0.29708
0.29708
0.975046
0.975046
0.754707
0.754707
0.517419
0.517419
0.558212
0.558212
0.778551
0.778551
0.337873
0.337873
0.626009
0.626009
0.880246
0.880246
0.0497373
0.0497373
0.38872
0.38872
0.0666865
0.0666865
0.0836356
0.0836356
0.371771
0.371771
0.40567
0.40567
0.863297
0.863297
0.354822
0.354822
0.897195
0.897195
0.575161
0.575161
0.720522
0.720522
0.991708
0.991708
0.14425
0.14425
0.635776
0.635776
0.601878
0.601878
0.0256063
0.0256063
0.195098
0.195098
0.584928
0.584928
0.1612
0.1612
0.313742
0.313742
0.110352
0.110352
0.906962
0.906962
0.262894
0.262894
0.534081
0.534081
0.788318
0.788318
0.924773
0.924773
0.179011
0.179011
0.433248
0.433248
0.416299
0.416299
0.00951899
0.00951899
0.467146
0.467146
0.840028
0.840028
0.0942648
0.0942648
0.501044
0.501044
0.653587
0.653587
0.806129
0.806129
0.246807
0.246807
0.687485
0.687485
0.941722
0.941722
0.453932
0.453932
0.131898
0.131898
0.742067
0.742067
0.28444
0.28444
0.216643
0.216643
0.674271
0.674271
0.962406
0.962406
0.708169
0.708169
0.826813
0.826813
0.318134
0.318134
0.114744
0.114744
0.911354
0.911354
0.267286
0.267286
0.538473
0.538473
0.79271
0.79271
0.932038
0.932038
0.186275
0.186275
0.440512
0.440512
0.423563
0.423563
0.0167836
0.0167836
0.474411
0.474411
0.847292
0.847292
0.101529
0.101529
0.508309
0.508309
0.660851
0.660851
0.813394
0.813394
0.254072
0.254072
0.69475
0.69475
0.948987
0.948987
0.443672
0.443672
0.121639
0.121639
0.731808
0.731808
0.274181
0.274181
0.206384
0.206384
0.664011
0.664011
0.952147
0.952147
0.69791
0.69791
0.816554
0.816554
0.223333
0.223333
0.477571
0.477571
0.29113
0.29113
0.969096
0.969096
0.748757
0.748757
0.511469
0.511469
0.554847
0.554847
0.775186
0.775186
0.334508
0.334508
0.622644
0.622644
0.876881
0.876881
0.0463728
0.0463728
0.385356
0.385356
0.063322
0.063322
0.0802711
0.0802711
0.368407
0.368407
0.402305
0.402305
0.859932
0.859932
0.351458
0.351458
0.89383
0.89383
0.571797
0.571797
0.717444
0.717444
0.988631
0.988631
0.141173
0.141173
0.632699
0.632699
0.5988
0.5988
0.0225291
0.0225291
0.192021
0.192021
0.581851
0.581851
0.158122
0.158122
0.310665
0.310665
0.107275
0.107275
0.903885
0.903885
0.259817
0.259817
0.531004
0.531004
0.785241
0.785241
0.917674
0.917674
0.171911
0.171911
0.426149
0.426149
0.4092
0.4092
0.00241992
0.00241992
0.460047
0.460047
0.832928
0.832928
0.0871657
0.0871657
0.493945
0.493945
0.646488
0.646488
0.79903
0.79903
0.239708
0.239708
0.680386
0.680386
0.934623
0.934623
0.447982
0.447982
0.125948
0.125948
0.736117
0.736117
0.27849
0.27849
0.210693
0.210693
0.66832
0.66832
0.956456
0.956456
0.702219
0.702219
0.820863
0.820863
0.227643
0.227643
0.48188
0.48188
0.295439
0.295439
0.973405
0.973405
0.753066
0.753066
0.515778
0.515778
0.547091
0.547091
0.76743
0.76743
0.326752
0.326752
0.614888
0.614888
0.869125
0.869125
0.0386164
0.0386164
0.377599
0.377599
0.0555656
0.0555656
0.0725147
0.0725147
0.36065
0.36065
0.394549
0.394549
0.852176
0.852176
0.343701
0.343701
0.886074
0.886074
0.56404
0.56404
0.722328
0.722328
0.993514
0.993514
0.146057
0.146057
0.637582
0.637582
0.603684
0.603684
0.0274127
0.0274127
0.196904
0.196904
0.586735
0.586735
0.163006
0.163006
0.315548
0.315548
0.112158
0.112158
0.908769
0.908769
0.264701
0.264701
0.535887
0.535887
0.790125
0.790125
0.926005
0.926005
0.180242
0.180242
0.43448
0.43448
0.41753
0.41753
0.0107509
0.0107509
0.468378
0.468378
0.841259
0.841259
0.0954966
0.0954966
0.502276
0.502276
0.654819
0.654819
0.807361
0.807361
0.248039
0.248039
0.688717
0.688717
0.942954
0.942954
0.447694
0.447694
0.12566
0.12566
0.73583
0.73583
0.278203
0.278203
0.210406
0.210406
0.668033
0.668033
0.956169
0.956169
0.701932
0.701932
0.820576
0.820576
0.227355
0.227355
0.481593
0.481593
0.295152
0.295152
0.973118
0.973118
0.752779
0.752779
0.515491
0.515491
0.545942
0.545942
0.766281
0.766281
0.325603
0.325603
0.613738
0.613738
0.867976
0.867976
0.0374673
0.0374673
0.37645
0.37645
0.0544165
0.0544165
0.0713656
0.0713656
0.359501
0.359501
0.3934
0.3934
0.851027
0.851027
0.342552
0.342552
0.884925
0.884925
0.562891
0.562891
0.726637
0.726637
0.997823
0.997823
0.150366
0.150366
0.641891
0.641891
0.607993
0.607993
0.0317218
0.0317218
0.201213
0.201213
0.591044
0.591044
0.167315
0.167315
0.319857
0.319857
0.116468
0.116468
0.913078
0.913078
0.26901
0.26901
0.540196
0.540196
0.794434
0.794434
0.925431
0.925431
0.179668
0.179668
0.433905
0.433905
0.416956
0.416956
0.0101763
0.0101763
0.467803
0.467803
0.840685
0.840685
0.0949221
0.0949221
0.501702
0.501702
0.654244
0.654244
0.806786
0.806786
0.247464
0.247464
0.688142
0.688142
0.94238
0.94238
0.4408
0.4408
0.118766
0.118766
0.728935
0.728935
0.271308
0.271308
0.203512
0.203512
0.661139
0.661139
0.949274
0.949274
0.695037
0.695037
0.813681
0.813681
0.220461
0.220461
0.474698
0.474698
0.288257
0.288257
0.966223
0.966223
0.745884
0.745884
0.508596
0.508596
0.553698
0.553698
0.774037
0.774037
0.333359
0.333359
0.621495
0.621495
0.875732
0.875732
0.0452237
0.0452237
0.384207
0.384207
0.0621729
0.0621729
0.079122
0.079122
0.367258
0.367258
0.401156
0.401156
0.858783
0.858783
0.350308
0.350308
0.892681
0.892681
0.570647
0.570647
0.712561
0.712561
0.983747
0.983747
0.136289
0.136289
0.627815
0.627815
0.675215
0.675215
0.963351
0.963351
0.709113
0.709113
0.827757
0.827757
0.234537
0.234537
0.488774
0.488774
0.302334
0.302334
0.9803
0.9803
0.759961
0.759961
0.522673
0.522673
0.554273
0.554273
0.774612
0.774612
0.333934
0.333934
0.622069
0.622069
0.876307
0.876307
0.0457983
0.0457983
0.384781
0.384781
0.0627474
0.0627474
0.0796966
0.0796966
0.367832
0.367832
0.40173
0.40173
0.859358
0.859358
0.350883
0.350883
0.893256
0.893256
0.571222
0.571222
0.712848
0.712848
0.984034
0.984034
0.136577
0.136577
0.628102
0.628102
0.594204
0.594204
0.0179327
0.0179327
0.187424
0.187424
0.577255
0.577255
0.153526
0.153526
0.306068
0.306068
0.102678
0.102678
0.899289
0.899289
0.255221
0.255221
0.526407
0.526407
0.780645
0.780645
0.925143
0.925143
0.179381
0.179381
0.433618
0.433618
0.416669
0.416669
0.00988903
0.00988903
0.467516
0.467516
0.840397
0.840397
0.0946348
0.0946348
0.501414
0.501414
0.653957
0.653957
0.806499
0.806499
0.247177
0.247177
0.687855
0.687855
0.942092
0.942092
0.442236
0.442236
0.120202
0.120202
0.730372
0.730372
0.272745
0.272745
0.204948
0.204948
0.662575
0.662575
0.950711
0.950711
0.696473
0.696473
0.815117
0.815117
0.221897
0.221897
0.476134
0.476134
0.289694
0.289694
0.96766
0.96766
0.747321
0.747321
0.510033
0.510033
0.556284
0.556284
0.776623
0.776623
0.335945
0.335945
0.62408
0.62408
0.878318
0.878318
0.0478092
0.0478092
0.386792
0.386792
0.0647583
0.0647583
0.0817075
0.0817075
0.369843
0.369843
0.403741
0.403741
0.861368
0.861368
0.352894
0.352894
0.895267
0.895267
0.573233
0.573233
0.713135
0.713135
0.984322
0.984322
0.136864
0.136864
0.628389
0.628389
0.594491
0.594491
0.01822
0.01822
0.187711
0.187711
0.577542
0.577542
0.153813
0.153813
0.306356
0.306356
0.102966
0.102966
0.899576
0.899576
0.255508
0.255508
0.526695
0.526695
0.780932
0.780932
0.917961
0.917961
0.172199
0.172199
0.426436
0.426436
0.409487
0.409487
0.00270719
0.00270719
0.460334
0.460334
0.833216
0.833216
0.087453
0.087453
0.494233
0.494233
0.646775
0.646775
0.799317
0.799317
0.239995
0.239995
0.680673
0.680673
0.934911
0.934911
0.449131
0.449131
0.127097
0.127097
0.737266
0.737266
0.279639
0.279639
0.211842
0.211842
0.66947
0.66947
0.957605
0.957605
0.703368
0.703368
0.822012
0.822012
0.228792
0.228792
0.483029
0.483029
0.296588
0.296588
0.974554
0.974554
0.754215
0.754215
0.516927
0.516927
0.546229
0.546229
0.766568
0.766568
0.32589
0.32589
0.614026
0.614026
0.868263
0.868263
0.0377546
0.0377546
0.376738
0.376738
0.0547037
0.0547037
0.0716529
0.0716529
0.359788
0.359788
0.393687
0.393687
0.851314
0.851314
0.342839
0.342839
0.885212
0.885212
0.563178
0.563178
0.718019
0.718019
0.989205
0.989205
0.141748
0.141748
0.633273
0.633273
0.599375
0.599375
0.0231036
0.0231036
0.192595
0.192595
0.582426
0.582426
0.158697
0.158697
0.311239
0.311239
0.107849
0.107849
0.90446
0.90446
0.260392
0.260392
0.531578
0.531578
0.785815
0.785815
0.920547
0.920547
0.174784
0.174784
0.429021
0.429021
0.412072
0.412072
0.00529265
0.00529265
0.46292
0.46292
0.835801
0.835801
0.0900384
0.0900384
0.496818
0.496818
0.64936
0.64936
0.801903
0.801903
0.242581
0.242581
0.683259
0.683259
0.937496
0.937496
0.451716
0.451716
0.129682
0.129682
0.739852
0.739852
0.282225
0.282225
0.214428
0.214428
0.672055
0.672055
0.960191
0.960191
0.705953
0.705953
0.824597
0.824597
0.231377
0.231377
0.485614
0.485614
0.299174
0.299174
0.97714
0.97714
0.756801
0.756801
0.519513
0.519513
0.550538
0.550538
0.770877
0.770877
0.330199
0.330199
0.618335
0.618335
0.872572
0.872572
0.0420637
0.0420637
0.381047
0.381047
0.0590128
0.0590128
0.075962
0.075962
0.364098
0.364098
0.397996
0.397996
0.855623
0.855623
0.347148
0.347148
0.889521
0.889521
0.567487
0.567487
0.718593
0.718593
0.98978
0.98978
0.142322
0.142322
0.633848
0.633848
0.599949
0.599949
0.0236782
0.0236782
0.19317
0.19317
0.583
0.583
0.159271
0.159271
0.311814
0.311814
0.108424
0.108424
0.905034
0.905034
0.260966
0.260966
0.532153
0.532153
0.78639
0.78639
0.9171
0.9171
0.171337
0.171337
0.425574
0.425574
0.408625
0.408625
0.00184537
0.00184537
0.459472
0.459472
0.832354
0.832354
0.0865911
0.0865911
0.493371
0.493371
0.645913
0.645913
0.798456
0.798456
0.239134
0.239134
0.679811
0.679811
0.934049
0.934049
0.717732
0.717732
0.988918
0.988918
0.14146
0.14146
0.632986
0.632986
0.599088
0.599088
0.0228164
0.0228164
0.192308
0.192308
0.582138
0.582138
0.15841
0.15841
0.310952
0.310952
0.107562
0.107562
0.904172
0.904172
0.260104
0.260104
0.531291
0.531291
0.785528
0.785528
0.919685
0.919685
0.173922
0.173922
0.42816
0.42816
0.41121
0.41121
0.00443083
0.00443083
0.462058
0.462058
0.834939
0.834939
0.0891766
0.0891766
0.495956
0.495956
0.648499
0.648499
0.801041
0.801041
0.241719
0.241719
0.682397
0.682397
0.936634
0.936634
0.452291
0.452291
0.130257
0.130257
0.740426
0.740426
0.282799
0.282799
0.215003
0.215003
0.67263
0.67263
0.960765
0.960765
0.706528
0.706528
0.825172
0.825172
0.231952
0.231952
0.486189
0.486189
0.299748
0.299748
0.977714
0.977714
0.757375
0.757375
0.520087
0.520087
0.555135
0.555135
0.775474
0.775474
0.334796
0.334796
0.622931
0.622931
0.877169
0.877169
0.0466601
0.0466601
0.385643
0.385643
0.0636092
0.0636092
0.0805584
0.0805584
0.368694
0.368694
0.402592
0.402592
0.860219
0.860219
0.351745
0.351745
0.894118
0.894118
0.572084
0.572084
0.726924
0.726924
0.998111
0.998111
0.150653
0.150653
0.642179
0.642179
0.60828
0.60828
0.0320091
0.0320091
0.201501
0.201501
0.591331
0.591331
0.167602
0.167602
0.320145
0.320145
0.116755
0.116755
0.913365
0.913365
0.269297
0.269297
0.540484
0.540484
0.794721
0.794721
0.924281
0.924281
0.178519
0.178519
0.432756
0.432756
0.415807
0.415807
0.00902721
0.00902721
0.466654
0.466654
0.839536
0.839536
0.093773
0.093773
0.500553
0.500553
0.653095
0.653095
0.805637
0.805637
0.246315
0.246315
0.686993
0.686993
0.941231
0.941231
0.4566
0.4566
0.134566
0.134566
0.744735
0.744735
0.287108
0.287108
0.219312
0.219312
0.676939
0.676939
0.965074
0.965074
0.710837
0.710837
0.829481
0.829481
0.236261
0.236261
0.490498
0.490498
0.304057
0.304057
0.982023
0.982023
0.761684
0.761684
0.524396
0.524396
0.551113
0.551113
0.771452
0.771452
0.330774
0.330774
0.618909
0.618909
0.873147
0.873147
0.0426382
0.0426382
0.381621
0.381621
0.0595874
0.0595874
0.0765366
0.0765366
0.364672
0.364672
0.39857
0.39857
0.856198
0.856198
0.347723
0.347723
0.890096
0.890096
0.568062
0.568062
0.721466
0.721466
0.992653
0.992653
0.145195
0.145195
0.63672
0.63672
0.602822
0.602822
0.0265509
0.0265509
0.196042
0.196042
0.585873
0.585873
0.162144
0.162144
0.314686
0.314686
0.111297
0.111297
0.907907
0.907907
0.263839
0.263839
0.535025
0.535025
0.789263
0.789263
0.928591
0.928591
0.182828
0.182828
0.437065
0.437065
0.420116
0.420116
0.0133363
0.0133363
0.470963
0.470963
0.843845
0.843845
0.0980821
0.0980821
0.504862
0.504862
0.657404
0.657404
0.809946
0.809946
0.250624
0.250624
0.691302
0.691302
0.94554
0.94554
0.448225
0.448225
0.126191
0.126191
0.736361
0.736361
0.278733
0.278733
0.210937
0.210937
0.668564
0.668564
0.9567
0.9567
0.702462
0.702462
0.821106
0.821106
0.227886
0.227886
0.482123
0.482123
0.295683
0.295683
0.973649
0.973649
0.75331
0.75331
0.516022
0.516022
0.551644
0.551644
0.771983
0.771983
0.331305
0.331305
0.61944
0.61944
0.873677
0.873677
0.043169
0.043169
0.382152
0.382152
0.0601181
0.0601181
0.0770673
0.0770673
0.365203
0.365203
0.399101
0.399101
0.856728
0.856728
0.348254
0.348254
0.890627
0.890627
0.568593
0.568593
0.724008
0.724008
0.995194
0.995194
0.147737
0.147737
0.639262
0.639262
0.605364
0.605364
0.0290926
0.0290926
0.198584
0.198584
0.588415
0.588415
0.164686
0.164686
0.317228
0.317228
0.113838
0.113838
0.910448
0.910448
0.266381
0.266381
0.537567
0.537567
0.791804
0.791804
0.930845
0.930845
0.185082
0.185082
0.43932
0.43932
0.42237
0.42237
0.0155907
0.0155907
0.473218
0.473218
0.846099
0.846099
0.100336
0.100336
0.507116
0.507116
0.659658
0.659658
0.812201
0.812201
0.252879
0.252879
0.693557
0.693557
0.947794
0.947794
0.442767
0.442767
0.120733
0.120733
0.730902
0.730902
0.273275
0.273275
0.205479
0.205479
0.663106
0.663106
0.951241
0.951241
0.697004
0.697004
0.815648
0.815648
0.222428
0.222428
0.476665
0.476665
0.290224
0.290224
0.968191
0.968191
0.747852
0.747852
0.510563
0.510563
0.555378
0.555378
0.775717
0.775717
0.335039
0.335039
0.623175
0.623175
0.877412
0.877412
0.0469035
0.0469035
0.385887
0.385887
0.0638527
0.0638527
0.0808018
0.0808018
0.368937
0.368937
0.80387
0.80387
0.244548
0.244548
0.685226
0.685226
0.939463
0.939463
0.445352
0.445352
0.123318
0.123318
0.733488
0.733488
0.275861
0.275861
0.208064
0.208064
0.665691
0.665691
0.953827
0.953827
0.699589
0.699589
0.818234
0.818234
0.225013
0.225013
0.479251
0.479251
0.29281
0.29281
0.970776
0.970776
0.750437
0.750437
0.513149
0.513149
0.552793
0.552793
0.773132
0.773132
0.332454
0.332454
0.620589
0.620589
0.874827
0.874827
0.0443181
0.0443181
0.383301
0.383301
0.0612672
0.0612672
0.0782164
0.0782164
0.366352
0.366352
0.40025
0.40025
0.857877
0.857877
0.349403
0.349403
0.891776
0.891776
0.569742
0.569742
0.722571
0.722571
0.993758
0.993758
0.1463
0.1463
0.637826
0.637826
0.603927
0.603927
0.0276562
0.0276562
0.197148
0.197148
0.586978
0.586978
0.163249
0.163249
0.315792
0.315792
0.112402
0.112402
0.909012
0.909012
0.264944
0.264944
0.536131
0.536131
0.790368
0.790368
0.922227
0.922227
0.176464
0.176464
0.430701
0.430701
0.413752
0.413752
0.00697248
0.00697248
0.4646
0.4646
0.837481
0.837481
0.0917182
0.0917182
0.498498
0.498498
0.65104
0.65104
0.803583
0.803583
0.244261
0.244261
0.684939
0.684939
0.939176
0.939176
0.444203
0.444203
0.122169
0.122169
0.732339
0.732339
0.274712
0.274712
0.206915
0.206915
0.664542
0.664542
0.952678
0.952678
0.69844
0.69844
0.817084
0.817084
0.223864
0.223864
0.478101
0.478101
0.291661
0.291661
0.969627
0.969627
0.749288
0.749288
0.512
0.512
0.557102
0.557102
0.777441
0.777441
0.336763
0.336763
0.624898
0.624898
0.879136
0.879136
0.0486272
0.0486272
0.38761
0.38761
0.0655763
0.0655763
0.0825255
0.0825255
0.370661
0.370661
0.404559
0.404559
0.862186
0.862186
0.353712
0.353712
0.896085
0.896085
0.574051
0.574051
0.721997
0.721997
0.993183
0.993183
0.145726
0.145726
0.637251
0.637251
0.603353
0.603353
0.0270816
0.0270816
0.196573
0.196573
0.586404
0.586404
0.162675
0.162675
0.315217
0.315217
0.111827
0.111827
0.908438
0.908438
0.26437
0.26437
0.535556
0.535556
0.789793
0.789793
0.915332
0.915332
0.169569
0.169569
0.423807
0.423807
0.406858
0.406858
7.79048e-05
7.79048e-05
0.457705
0.457705
0.830586
0.830586
0.0848237
0.0848237
0.491603
0.491603
0.644146
0.644146
0.796688
0.796688
0.237366
0.237366
0.678044
0.678044
0.932281
0.932281
0.45196
0.45196
0.129926
0.129926
0.740095
0.740095
0.282468
0.282468
0.214671
0.214671
0.672299
0.672299
0.960434
0.960434
0.706197
0.706197
0.824841
0.824841
0.231621
0.231621
0.485858
0.485858
0.299417
0.299417
0.977383
0.977383
0.757044
0.757044
0.519756
0.519756
0.543025
0.543025
0.763364
0.763364
0.322686
0.322686
0.610822
0.610822
0.865059
0.865059
0.0345508
0.0345508
0.373534
0.373534
0.0514999
0.0514999
0.0684491
0.0684491
0.356585
0.356585
0.390483
0.390483
0.84811
0.84811
0.339636
0.339636
0.882008
0.882008
0.559974
0.559974
0.71223
0.71223
0.983416
0.983416
0.135958
0.135958
0.627484
0.627484
0.593586
0.593586
0.0173143
0.0173143
0.186806
0.186806
0.576636
0.576636
0.152908
0.152908
0.30545
0.30545
0.10206
0.10206
0.89867
0.89867
0.254602
0.254602
0.525789
0.525789
0.780026
0.780026
0.923089
0.923089
0.177326
0.177326
0.431563
0.431563
0.414614
0.414614
0.0078343
0.0078343
0.465461
0.465461
0.838343
0.838343
0.0925801
0.0925801
0.49936
0.49936
0.651902
0.651902
0.804444
0.804444
0.245122
0.245122
0.6858
0.6858
0.940038
0.940038
0.456843
0.456843
0.134809
0.134809
0.744979
0.744979
0.287352
0.287352
0.219555
0.219555
0.677182
0.677182
0.965318
0.965318
0.71108
0.71108
0.829725
0.829725
0.236504
0.236504
0.490741
0.490741
0.304301
0.304301
0.982267
0.982267
0.761928
0.761928
0.52464
0.52464
0.548771
0.548771
0.76911
0.76911
0.328432
0.328432
0.616567
0.616567
0.870805
0.870805
0.0402962
0.0402962
0.379279
0.379279
0.0572454
0.0572454
0.0741945
0.0741945
0.36233
0.36233
0.396228
0.396228
0.853856
0.853856
0.345381
0.345381
0.887754
0.887754
0.56572
0.56572
0.715102
0.715102
0.986289
0.986289
0.138831
0.138831
0.630357
0.630357
0.596458
0.596458
0.0201871
0.0201871
0.189679
0.189679
0.579509
0.579509
0.15578
0.15578
0.308323
0.308323
0.104933
0.104933
0.901543
0.901543
0.257475
0.257475
0.528662
0.528662
0.782899
0.782899
0.929409
0.929409
0.183646
0.183646
0.437883
0.437883
0.420934
0.420934
0.0141543
0.0141543
0.374108
0.374108
0.0520745
0.0520745
0.0690236
0.0690236
0.357159
0.357159
0.391057
0.391057
0.848685
0.848685
0.34021
0.34021
0.882583
0.882583
0.560549
0.560549
0.714528
0.714528
0.985714
0.985714
0.138257
0.138257
0.629782
0.629782
0.595884
0.595884
0.0196125
0.0196125
0.189104
0.189104
0.578935
0.578935
0.155206
0.155206
0.307748
0.307748
0.104358
0.104358
0.900968
0.900968
0.256901
0.256901
0.528087
0.528087
0.782324
0.782324
0.923663
0.923663
0.1779
0.1779
0.432138
0.432138
0.415188
0.415188
0.00840884
0.00840884
0.466036
0.466036
0.838917
0.838917
0.0931546
0.0931546
0.499934
0.499934
0.652477
0.652477
0.805019
0.805019
0.245697
0.245697
0.686375
0.686375
0.940612
0.940612
0.44449
0.44449
0.122457
0.122457
0.732626
0.732626
0.274999
0.274999
0.207202
0.207202
0.664829
0.664829
0.952965
0.952965
0.698728
0.698728
0.817372
0.817372
0.224151
0.224151
0.478389
0.478389
0.291948
0.291948
0.969914
0.969914
0.749575
0.749575
0.512287
0.512287
0.548484
0.548484
0.768823
0.768823
0.328145
0.328145
0.61628
0.61628
0.870517
0.870517
0.040009
0.040009
0.378992
0.378992
0.0569581
0.0569581
0.0739073
0.0739073
0.362043
0.362043
0.395941
0.395941
0.853568
0.853568
0.345094
0.345094
0.887467
0.887467
0.565433
0.565433
0.717113
0.717113
0.9883
0.9883
0.140842
0.140842
0.632367
0.632367
0.598469
0.598469
0.022198
0.022198
0.19169
0.19169
0.58152
0.58152
0.157791
0.157791
0.310334
0.310334
0.106944
0.106944
0.903554
0.903554
0.259486
0.259486
0.530673
0.530673
0.78491
0.78491
0.926249
0.926249
0.180486
0.180486
0.434723
0.434723
0.417774
0.417774
0.0109943
0.0109943
0.468621
0.468621
0.841503
0.841503
0.0957401
0.0957401
0.50252
0.50252
0.655062
0.655062
0.807604
0.807604
0.248282
0.248282
0.68896
0.68896
0.943198
0.943198
0.4488
0.4488
0.126766
0.126766
0.736935
0.736935
0.279308
0.279308
0.211511
0.211511
0.669138
0.669138
0.957274
0.957274
0.703037
0.703037
0.821681
0.821681
0.228461
0.228461
0.482698
0.482698
0.296257
0.296257
0.974223
0.974223
0.753884
0.753884
0.516596
0.516596
0.549058
0.549058
0.769397
0.769397
0.328719
0.328719
0.616855
0.616855
0.871092
0.871092
0.0405835
0.0405835
0.379567
0.379567
0.0575327
0.0575327
0.0744818
0.0744818
0.362617
0.362617
0.396516
0.396516
0.854143
0.854143
0.345668
0.345668
0.888041
0.888041
0.566007
0.566007
0.713666
0.713666
0.984852
0.984852
0.137395
0.137395
0.62892
0.62892
0.595022
0.595022
0.0187507
0.0187507
0.188242
0.188242
0.578073
0.578073
0.154344
0.154344
0.306886
0.306886
0.103496
0.103496
0.900107
0.900107
0.256039
0.256039
0.527225
0.527225
0.781463
0.781463
0.928834
0.928834
0.183071
0.183071
0.437309
0.437309
0.420359
0.420359
0.0135798
0.0135798
0.471207
0.471207
0.844088
0.844088
0.0983255
0.0983255
0.505105
0.505105
0.657648
0.657648
0.81019
0.81019
0.250868
0.250868
0.691546
0.691546
0.945783
0.945783
0.44564
0.44564
0.123606
0.123606
0.733775
0.733775
0.276148
0.276148
0.208351
0.208351
0.665978
0.665978
0.954114
0.954114
0.699877
0.699877
0.818521
0.818521
0.225301
0.225301
0.479538
0.479538
0.293097
0.293097
0.971063
0.971063
0.750724
0.750724
0.513436
0.513436
0.556814
0.556814
0.777153
0.777153
0.336475
0.336475
0.624611
0.624611
0.878848
0.878848
0.0483399
0.0483399
0.387323
0.387323
0.0652891
0.0652891
0.0822382
0.0822382
0.370374
0.370374
0.404272
0.404272
0.861899
0.861899
0.353425
0.353425
0.895798
0.895798
0.573764
0.573764
0.727168
0.727168
0.998354
0.998354
0.150897
0.150897
0.642422
0.642422
0.608524
0.608524
0.0322526
0.0322526
0.201744
0.201744
0.591575
0.591575
0.167846
0.167846
0.320388
0.320388
0.116998
0.116998
0.913608
0.913608
0.269541
0.269541
0.540727
0.540727
0.794964
0.794964
0.919354
0.919354
0.173591
0.173591
0.427829
0.427829
0.410879
0.410879
0.00409974
0.00409974
0.461727
0.461727
0.834608
0.834608
0.0888455
0.0888455
0.495625
0.495625
0.648168
0.648168
0.80071
0.80071
0.241388
0.241388
0.682066
0.682066
0.936303
0.936303
0.45713
0.45713
0.135097
0.135097
0.745266
0.745266
0.287639
0.287639
0.219842
0.219842
0.677469
0.677469
0.965605
0.965605
0.711368
0.711368
0.830012
0.830012
0.236791
0.236791
0.491029
0.491029
0.304588
0.304588
0.982554
0.982554
0.762215
0.762215
0.524927
0.524927
0.548196
0.548196
0.185369
0.185369
0.439607
0.439607
0.422658
0.422658
0.015878
0.015878
0.473505
0.473505
0.846386
0.846386
0.100624
0.100624
0.507403
0.507403
0.659946
0.659946
0.812488
0.812488
0.253166
0.253166
0.693844
0.693844
0.948081
0.948081
0.449374
0.449374
0.12734
0.12734
0.73751
0.73751
0.279883
0.279883
0.212086
0.212086
0.669713
0.669713
0.957849
0.957849
0.703611
0.703611
0.822255
0.822255
0.229035
0.229035
0.483272
0.483272
0.296832
0.296832
0.974798
0.974798
0.754459
0.754459
0.517171
0.517171
0.551931
0.551931
0.77227
0.77227
0.331592
0.331592
0.619727
0.619727
0.873965
0.873965
0.0434562
0.0434562
0.382439
0.382439
0.0604054
0.0604054
0.0773546
0.0773546
0.36549
0.36549
0.399388
0.399388
0.857016
0.857016
0.348541
0.348541
0.890914
0.890914
0.56888
0.56888
0.725157
0.725157
0.996343
0.996343
0.148886
0.148886
0.640411
0.640411
0.606513
0.606513
0.0302417
0.0302417
0.199733
0.199733
0.589564
0.589564
0.165835
0.165835
0.318377
0.318377
0.114987
0.114987
0.911598
0.911598
0.26753
0.26753
0.538716
0.538716
0.792953
0.792953
0.922899
0.922899
0.177136
0.177136
0.431373
0.431373
0.414424
0.414424
0.0076444
0.0076444
0.465272
0.465272
0.838153
0.838153
0.0923902
0.0923902
0.49917
0.49917
0.651712
0.651712
0.804255
0.804255
0.244933
0.244933
0.685611
0.685611
0.939848
0.939848
0.450046
0.450046
0.128012
0.128012
0.738182
0.738182
0.280555
0.280555
0.212758
0.212758
0.670385
0.670385
0.958521
0.958521
0.704283
0.704283
0.822927
0.822927
0.229707
0.229707
0.483944
0.483944
0.297504
0.297504
0.97547
0.97547
0.755131
0.755131
0.517843
0.517843
0.554614
0.554614
0.774953
0.774953
0.334275
0.334275
0.62241
0.62241
0.876648
0.876648
0.0461391
0.0461391
0.385122
0.385122
0.0630882
0.0630882
0.0800374
0.0800374
0.368173
0.368173
0.402071
0.402071
0.859698
0.859698
0.351224
0.351224
0.893597
0.893597
0.571563
0.571563
0.727552
0.727552
0.998739
0.998739
0.151281
0.151281
0.642807
0.642807
0.608908
0.608908
0.0326372
0.0326372
0.202129
0.202129
0.591959
0.591959
0.16823
0.16823
0.320773
0.320773
0.117383
0.117383
0.913993
0.913993
0.269925
0.269925
0.541112
0.541112
0.795349
0.795349
0.91744
0.91744
0.171678
0.171678
0.425915
0.425915
0.408966
0.408966
0.0021862
0.0021862
0.459813
0.459813
0.832695
0.832695
0.086932
0.086932
0.493712
0.493712
0.646254
0.646254
0.798796
0.798796
0.239474
0.239474
0.680152
0.680152
0.93439
0.93439
0.453781
0.453781
0.131747
0.131747
0.741916
0.741916
0.284289
0.284289
0.216492
0.216492
0.67412
0.67412
0.962255
0.962255
0.708018
0.708018
0.826662
0.826662
0.233442
0.233442
0.487679
0.487679
0.301238
0.301238
0.979204
0.979204
0.758865
0.758865
0.521577
0.521577
0.55921
0.55921
0.779549
0.779549
0.338871
0.338871
0.627007
0.627007
0.881244
0.881244
0.0507355
0.0507355
0.389719
0.389719
0.0676846
0.0676846
0.0846338
0.0846338
0.372769
0.372769
0.406668
0.406668
0.864295
0.864295
0.35582
0.35582
0.898193
0.898193
0.576159
0.576159
0.714912
0.714912
0.986099
0.986099
0.138641
0.138641
0.630167
0.630167
0.596268
0.596268
0.0199972
0.0199972
0.189489
0.189489
0.579319
0.579319
0.15559
0.15559
0.308133
0.308133
0.104743
0.104743
0.901353
0.901353
0.257285
0.257285
0.528472
0.528472
0.782709
0.782709
0.927782
0.927782
0.18202
0.18202
0.436257
0.436257
0.419308
0.419308
0.0125281
0.0125281
0.470155
0.470155
0.843037
0.843037
0.0972738
0.0972738
0.504053
0.504053
0.656596
0.656596
0.809138
0.809138
0.249816
0.249816
0.690494
0.690494
0.944731
0.944731
0.446311
0.446311
0.124278
0.124278
0.734447
0.734447
0.27682
0.27682
0.209023
0.209023
0.66665
0.66665
0.954786
0.954786
0.700549
0.700549
0.819193
0.819193
0.225972
0.225972
0.48021
0.48021
0.293769
0.293769
0.971735
0.971735
0.751396
0.751396
0.514108
0.514108
0.544846
0.544846
0.765185
0.765185
0.324507
0.324507
0.612643
0.612643
0.86688
0.86688
0.0363718
0.0363718
0.375355
0.375355
0.0533209
0.0533209
0.0702701
0.0702701
0.358406
0.358406
0.392304
0.392304
0.849931
0.849931
0.341457
0.341457
0.883829
0.883829
0.561796
0.561796
0.719222
0.719222
0.990408
0.990408
0.14295
0.14295
0.634476
0.634476
0.600577
0.600577
0.0243063
0.0243063
0.193798
0.193798
0.583628
0.583628
0.159899
0.159899
0.312442
0.312442
0.109052
0.109052
0.980928
0.980928
0.760589
0.760589
0.523301
0.523301
0.552603
0.552603
0.772942
0.772942
0.332264
0.332264
0.620399
0.620399
0.874637
0.874637
0.0441282
0.0441282
0.383111
0.383111
0.0610773
0.0610773
0.0780265
0.0780265
0.366162
0.366162
0.40006
0.40006
0.857688
0.857688
0.349213
0.349213
0.891586
0.891586
0.569552
0.569552
0.71204
0.71204
0.983226
0.983226
0.135769
0.135769
0.627294
0.627294
0.593396
0.593396
0.0171244
0.0171244
0.186616
0.186616
0.576446
0.576446
0.152718
0.152718
0.30526
0.30526
0.10187
0.10187
0.89848
0.89848
0.254413
0.254413
0.525599
0.525599
0.779836
0.779836
0.926633
0.926633
0.18087
0.18087
0.435108
0.435108
0.418159
0.418159
0.011379
0.011379
0.469006
0.469006
0.841887
0.841887
0.0961247
0.0961247
0.502904
0.502904
0.655447
0.655447
0.807989
0.807989
0.248667
0.248667
0.689345
0.689345
0.943582
0.943582
0.441428
0.441428
0.119394
0.119394
0.729563
0.729563
0.271936
0.271936
0.20414
0.20414
0.661767
0.661767
0.949902
0.949902
0.695665
0.695665
0.814309
0.814309
0.221089
0.221089
0.475326
0.475326
0.288885
0.288885
0.966852
0.966852
0.746513
0.746513
0.509224
0.509224
0.542835
0.542835
0.763174
0.763174
0.322496
0.322496
0.610632
0.610632
0.864869
0.864869
0.0343609
0.0343609
0.373344
0.373344
0.05131
0.05131
0.0682592
0.0682592
0.356395
0.356395
0.390293
0.390293
0.84792
0.84792
0.339446
0.339446
0.881819
0.881819
0.559785
0.559785
0.719796
0.719796
0.990983
0.990983
0.143525
0.143525
0.63505
0.63505
0.601152
0.601152
0.0248808
0.0248808
0.194372
0.194372
0.584203
0.584203
0.160474
0.160474
0.313016
0.313016
0.109627
0.109627
0.906237
0.906237
0.262169
0.262169
0.533355
0.533355
0.787593
0.787593
0.931517
0.931517
0.185754
0.185754
0.439991
0.439991
0.423042
0.423042
0.0162626
0.0162626
0.47389
0.47389
0.846771
0.846771
0.101008
0.101008
0.507788
0.507788
0.66033
0.66033
0.812873
0.812873
0.253551
0.253551
0.694229
0.694229
0.948466
0.948466
0.447173
0.447173
0.125139
0.125139
0.735309
0.735309
0.277682
0.277682
0.209885
0.209885
0.667512
0.667512
0.955648
0.955648
0.701411
0.701411
0.820055
0.820055
0.226834
0.226834
0.481072
0.481072
0.294631
0.294631
0.972597
0.972597
0.752258
0.752258
0.51497
0.51497
0.545708
0.545708
0.766047
0.766047
0.325369
0.325369
0.613505
0.613505
0.867742
0.867742
0.0372336
0.0372336
0.376217
0.376217
0.0541828
0.0541828
0.0711319
0.0711319
0.359268
0.359268
0.393166
0.393166
0.850793
0.850793
0.342318
0.342318
0.884691
0.884691
0.562657
0.562657
0.726116
0.726116
0.997303
0.997303
0.149845
0.149845
0.64137
0.64137
0.607472
0.607472
0.0312009
0.0312009
0.200692
0.200692
0.590523
0.590523
0.166794
0.166794
0.319336
0.319336
0.115947
0.115947
0.912557
0.912557
0.268489
0.268489
0.539675
0.539675
0.793913
0.793913
0.927208
0.927208
0.181445
0.181445
0.435682
0.435682
0.418733
0.418733
0.0119535
0.0119535
0.469581
0.469581
0.842462
0.842462
0.0966993
0.0966993
0.503479
0.503479
0.656021
0.656021
0.808564
0.808564
0.249242
0.249242
0.68992
0.68992
0.944157
0.944157
0.441715
0.441715
0.119681
0.119681
0.729851
0.729851
0.272224
0.272224
0.204427
0.204427
0.662054
0.662054
0.95019
0.95019
0.695952
0.695952
0.814596
0.814596
0.221376
0.221376
0.475613
0.475613
0.289173
0.289173
0.967139
0.967139
0.7468
0.7468
0.509512
0.509512
0.552315
0.552315
0.772654
0.772654
0.331977
0.331977
0.620112
0.620112
0.874349
0.874349
0.0438409
0.0438409
0.382824
0.382824
0.0607901
0.0607901
0.0777392
0.0777392
0.365875
0.365875
0.399773
0.399773
0.8574
0.8574
0.348926
0.348926
0.891299
0.891299
0.569265
0.569265
0.713476
0.713476
0.984662
0.984662
0.137205
0.137205
0.62873
0.62873
0.594832
0.594832
0.0185608
0.0185608
0.188052
0.188052
0.577883
0.577883
0.154154
0.154154
0.306696
0.306696
0.103307
0.103307
0.899917
0.899917
0.255849
0.255849
0.527035
0.527035
0.781273
0.781273
0.929219
0.929219
0.183456
0.183456
0.437693
0.437693
0.420744
0.420744
0.0139644
0.0139644
0.471592
0.471592
0.844473
0.844473
0.0987102
0.0987102
0.50549
0.50549
0.658032
0.658032
0.810575
0.810575
0.251253
0.251253
0.691931
0.691931
0.946168
0.946168
0.442002
0.442002
0.119968
0.119968
0.730138
0.730138
0.272511
0.272511
0.204714
0.204714
0.662341
0.662341
0.950477
0.950477
0.587363
0.587363
0.163634
0.163634
0.316176
0.316176
0.112787
0.112787
0.909397
0.909397
0.265329
0.265329
0.536515
0.536515
0.790753
0.790753
0.923473
0.923473
0.17771
0.17771
0.431948
0.431948
0.414999
0.414999
0.00821895
0.00821895
0.465846
0.465846
0.838727
0.838727
0.0929647
0.0929647
0.499744
0.499744
0.652287
0.652287
0.804829
0.804829
0.245507
0.245507
0.686185
0.686185
0.940422
0.940422
0.447461
0.447461
0.125427
0.125427
0.735596
0.735596
0.277969
0.277969
0.210172
0.210172
0.6678
0.6678
0.955935
0.955935
0.701698
0.701698
0.820342
0.820342
0.227122
0.227122
0.481359
0.481359
0.294918
0.294918
0.972884
0.972884
0.752545
0.752545
0.515257
0.515257
0.544272
0.544272
0.764611
0.764611
0.323933
0.323933
0.612068
0.612068
0.866306
0.866306
0.0357972
0.0357972
0.37478
0.37478
0.0527464
0.0527464
0.0696955
0.0696955
0.357831
0.357831
0.391729
0.391729
0.849357
0.849357
0.340882
0.340882
0.883255
0.883255
0.561221
0.561221
0.725542
0.725542
0.996728
0.996728
0.14927
0.14927
0.640796
0.640796
0.606898
0.606898
0.0306263
0.0306263
0.200118
0.200118
0.589948
0.589948
0.16622
0.16622
0.318762
0.318762
0.115372
0.115372
0.911982
0.911982
0.267914
0.267914
0.539101
0.539101
0.793338
0.793338
0.920313
0.920313
0.17455
0.17455
0.428788
0.428788
0.411839
0.411839
0.00505894
0.00505894
0.462686
0.462686
0.835567
0.835567
0.0898047
0.0898047
0.496584
0.496584
0.649127
0.649127
0.801669
0.801669
0.242347
0.242347
0.683025
0.683025
0.937262
0.937262
0.455217
0.455217
0.133183
0.133183
0.743353
0.743353
0.285725
0.285725
0.217929
0.217929
0.675556
0.675556
0.963692
0.963692
0.709454
0.709454
0.828098
0.828098
0.234878
0.234878
0.489115
0.489115
0.302675
0.302675
0.980641
0.980641
0.760302
0.760302
0.523014
0.523014
0.557774
0.557774
0.778113
0.778113
0.337435
0.337435
0.62557
0.62557
0.879808
0.879808
0.0492991
0.0492991
0.388282
0.388282
0.0662482
0.0662482
0.0831974
0.0831974
0.371333
0.371333
0.405231
0.405231
0.862858
0.862858
0.354384
0.354384
0.896757
0.896757
0.574723
0.574723
0.716062
0.716062
0.987248
0.987248
0.13979
0.13979
0.631316
0.631316
0.597417
0.597417
0.0211463
0.0211463
0.190638
0.190638
0.580468
0.580468
0.156739
0.156739
0.309282
0.309282
0.105892
0.105892
0.902502
0.902502
0.258434
0.258434
0.529621
0.529621
0.783858
0.783858
0.931804
0.931804
0.186041
0.186041
0.440279
0.440279
0.42333
0.42333
0.0165499
0.0165499
0.474177
0.474177
0.847058
0.847058
0.101296
0.101296
0.508075
0.508075
0.660618
0.660618
0.81316
0.81316
0.253838
0.253838
0.694516
0.694516
0.948753
0.948753
0.446599
0.446599
0.124565
0.124565
0.734734
0.734734
0.277107
0.277107
0.209311
0.209311
0.666938
0.666938
0.955073
0.955073
0.700836
0.700836
0.81948
0.81948
0.22626
0.22626
0.480497
0.480497
0.294056
0.294056
0.972022
0.972022
0.751683
0.751683
0.514395
0.514395
0.546857
0.546857
0.767196
0.767196
0.326518
0.326518
0.614654
0.614654
0.868891
0.868891
0.0383827
0.0383827
0.377366
0.377366
0.0553318
0.0553318
0.072281
0.072281
0.360417
0.360417
0.394315
0.394315
0.851942
0.851942
0.343467
0.343467
0.88584
0.88584
0.563806
0.563806
0.723531
0.723531
0.994717
0.994717
0.147259
0.147259
0.638785
0.638785
0.604887
0.604887
0.0286154
0.0286154
0.198107
0.198107
0.587937
0.587937
0.164209
0.164209
0.316751
0.316751
0.113361
0.113361
0.909971
0.909971
0.265904
0.265904
0.53709
0.53709
0.791327
0.791327
0.92807
0.92807
0.182307
0.182307
0.436544
0.436544
0.419595
0.419595
0.0128153
0.0128153
0.470442
0.470442
0.843324
0.843324
0.0975611
0.0975611
0.504341
0.504341
0.656883
0.656883
0.809426
0.809426
0.250103
0.250103
0.690781
0.690781
0.945019
0.945019
0.455792
0.455792
0.133758
0.133758
0.743927
0.743927
0.2863
0.2863
0.218503
0.218503
0.67613
0.67613
0.964266
0.964266
0.710029
0.710029
0.828673
0.828673
0.235453
0.235453
0.48969
0.48969
0.303249
0.303249
0.981215
0.981215
0.760876
0.760876
0.523588
0.523588
0.551454
0.551454
0.771793
0.771793
0.331115
0.331115
0.61925
0.61925
0.873488
0.873488
0.0429791
0.0429791
0.381962
0.381962
0.0599282
0.0599282
0.0768774
0.0768774
0.365013
0.365013
0.398911
0.398911
0.856538
0.856538
0.348064
0.348064
0.890437
0.890437
0.568403
0.568403
0.72784
0.72784
0.999026
0.999026
0.283432
0.283432
0.215635
0.215635
0.673263
0.673263
0.961398
0.961398
0.707161
0.707161
0.825805
0.825805
0.232585
0.232585
0.486822
0.486822
0.300381
0.300381
0.978347
0.978347
0.758008
0.758008
0.52072
0.52072
0.558066
0.558066
0.778405
0.778405
0.337727
0.337727
0.625862
0.625862
0.8801
0.8801
0.0495912
0.0495912
0.388574
0.388574
0.0665404
0.0665404
0.0834896
0.0834896
0.371625
0.371625
0.405523
0.405523
0.863151
0.863151
0.354676
0.354676
0.897049
0.897049
0.575015
0.575015
0.714055
0.714055
0.985242
0.985242
0.137784
0.137784
0.62931
0.62931
0.595411
0.595411
0.0191402
0.0191402
0.188632
0.188632
0.578462
0.578462
0.154733
0.154733
0.307276
0.307276
0.103886
0.103886
0.900496
0.900496
0.256428
0.256428
0.527615
0.527615
0.781852
0.781852
0.928362
0.928362
0.182599
0.182599
0.436836
0.436836
0.419887
0.419887
0.0131075
0.0131075
0.470735
0.470735
0.843616
0.843616
0.0978532
0.0978532
0.504633
0.504633
0.657175
0.657175
0.809718
0.809718
0.250396
0.250396
0.691074
0.691074
0.945311
0.945311
0.45752
0.45752
0.135486
0.135486
0.745656
0.745656
0.288028
0.288028
0.220232
0.220232
0.677859
0.677859
0.965995
0.965995
0.711757
0.711757
0.830401
0.830401
0.237181
0.237181
0.491418
0.491418
0.304978
0.304978
0.982944
0.982944
0.762605
0.762605
0.525317
0.525317
0.545426
0.545426
0.765765
0.765765
0.325087
0.325087
0.613222
0.613222
0.86746
0.86746
0.0369512
0.0369512
0.375934
0.375934
0.0539003
0.0539003
0.0708495
0.0708495
0.358985
0.358985
0.392883
0.392883
0.850511
0.850511
0.342036
0.342036
0.884409
0.884409
0.562375
0.562375
0.724397
0.724397
0.995584
0.995584
0.148126
0.148126
0.639652
0.639652
0.605753
0.605753
0.0294821
0.0294821
0.198974
0.198974
0.588804
0.588804
0.165075
0.165075
0.317618
0.317618
0.114228
0.114228
0.910838
0.910838
0.26677
0.26677
0.537957
0.537957
0.792194
0.792194
0.920893
0.920893
0.17513
0.17513
0.429367
0.429367
0.412418
0.412418
0.00563836
0.00563836
0.463265
0.463265
0.836147
0.836147
0.0903841
0.0903841
0.497164
0.497164
0.649706
0.649706
0.802248
0.802248
0.242926
0.242926
0.683604
0.683604
0.937842
0.937842
0.443156
0.443156
0.121122
0.121122
0.731292
0.731292
0.273665
0.273665
0.205868
0.205868
0.663495
0.663495
0.951631
0.951631
0.697394
0.697394
0.816038
0.816038
0.222817
0.222817
0.477055
0.477055
0.290614
0.290614
0.96858
0.96858
0.748241
0.748241
0.510953
0.510953
0.549735
0.549735
0.770074
0.770074
0.329396
0.329396
0.617531
0.617531
0.871769
0.871769
0.0412603
0.0412603
0.380243
0.380243
0.0582095
0.0582095
0.0751586
0.0751586
0.363294
0.363294
0.397193
0.397193
0.85482
0.85482
0.346345
0.346345
0.888718
0.888718
0.566684
0.566684
0.716641
0.716641
0.987827
0.987827
0.14037
0.14037
0.631895
0.631895
0.597997
0.597997
0.0217257
0.0217257
0.191217
0.191217
0.581048
0.581048
0.157319
0.157319
0.309861
0.309861
0.106471
0.106471
0.903082
0.903082
0.259014
0.259014
0.5302
0.5302
0.784437
0.784437
0.925776
0.925776
0.180014
0.180014
0.434251
0.434251
0.417302
0.417302
0.010522
0.010522
0.468149
0.468149
0.84103
0.84103
0.0952678
0.0952678
0.502047
0.502047
0.65459
0.65459
0.807132
0.807132
0.24781
0.24781
0.688488
0.688488
0.942725
0.942725
0.451487
0.451487
0.129453
0.129453
0.739623
0.739623
0.281996
0.281996
0.214199
0.214199
0.671826
0.671826
0.959962
0.959962
0.705724
0.705724
0.824369
0.824369
0.231148
0.231148
0.485386
0.485386
0.298945
0.298945
0.976911
0.976911
0.756572
0.756572
0.519284
0.519284
0.549448
0.549448
0.769787
0.769787
0.329109
0.329109
0.617244
0.617244
0.871481
0.871481
0.040973
0.040973
0.379956
0.379956
0.0579222
0.0579222
0.0748713
0.0748713
0.363007
0.363007
0.396905
0.396905
0.854532
0.854532
0.346058
0.346058
0.888431
0.888431
0.566397
0.566397
0.715492
0.715492
0.986678
0.986678
0.139221
0.139221
0.630746
0.630746
0.596848
0.596848
0.0205766
0.0205766
0.190068
0.190068
0.579899
0.579899
0.15617
0.15617
0.308712
0.308712
0.105322
0.105322
0.901932
0.901932
0.257865
0.257865
0.529051
0.529051
0.783288
0.783288
0.930085
0.930085
0.184323
0.184323
0.43856
0.43856
0.421611
0.421611
0.0148311
0.0148311
0.472458
0.472458
0.84534
0.84534
0.0995769
0.0995769
0.506356
0.506356
0.658899
0.658899
0.811441
0.811441
0.252119
0.252119
0.889292
0.889292
0.567259
0.567259
0.728132
0.728132
0.999318
0.999318
0.151861
0.151861
0.643386
0.643386
0.609488
0.609488
0.0332166
0.0332166
0.202708
0.202708
0.592539
0.592539
0.16881
0.16881
0.321352
0.321352
0.117962
0.117962
0.914573
0.914573
0.270505
0.270505
0.541691
0.541691
0.795928
0.795928
0.921754
0.921754
0.175992
0.175992
0.430229
0.430229
0.41328
0.41328
0.00650018
0.00650018
0.464127
0.464127
0.837009
0.837009
0.0912459
0.0912459
0.498026
0.498026
0.650568
0.650568
0.80311
0.80311
0.243788
0.243788
0.684466
0.684466
0.938704
0.938704
0.444018
0.444018
0.121984
0.121984
0.732154
0.732154
0.274527
0.274527
0.20673
0.20673
0.664357
0.664357
0.952493
0.952493
0.698255
0.698255
0.816899
0.816899
0.223679
0.223679
0.477916
0.477916
0.291476
0.291476
0.969442
0.969442
0.749103
0.749103
0.511815
0.511815
0.556629
0.556629
0.776968
0.776968
0.33629
0.33629
0.624426
0.624426
0.878663
0.878663
0.0481549
0.0481549
0.387138
0.387138
0.065104
0.065104
0.0820532
0.0820532
0.370189
0.370189
0.404087
0.404087
0.861714
0.861714
0.35324
0.35324
0.895612
0.895612
0.573579
0.573579
0.723823
0.723823
0.995009
0.995009
0.147552
0.147552
0.639077
0.639077
0.605179
0.605179
0.0289075
0.0289075
0.198399
0.198399
0.58823
0.58823
0.164501
0.164501
0.317043
0.317043
0.113653
0.113653
0.910263
0.910263
0.266196
0.266196
0.537382
0.537382
0.791619
0.791619
0.916296
0.916296
0.170534
0.170534
0.424771
0.424771
0.407822
0.407822
0.00104198
0.00104198
0.458669
0.458669
0.83155
0.83155
0.0857877
0.0857877
0.492567
0.492567
0.64511
0.64511
0.797652
0.797652
0.23833
0.23833
0.679008
0.679008
0.933245
0.933245
0.450625
0.450625
0.128592
0.128592
0.738761
0.738761
0.281134
0.281134
0.213337
0.213337
0.670964
0.670964
0.9591
0.9591
0.704863
0.704863
0.823507
0.823507
0.230286
0.230286
0.484524
0.484524
0.298083
0.298083
0.976049
0.976049
0.75571
0.75571
0.518422
0.518422
0.543989
0.543989
0.764328
0.764328
0.32365
0.32365
0.611786
0.611786
0.866023
0.866023
0.0355148
0.0355148
0.374498
0.374498
0.052464
0.052464
0.0694131
0.0694131
0.357549
0.357549
0.391447
0.391447
0.849074
0.849074
0.3406
0.3406
0.882972
0.882972
0.560939
0.560939
0.725834
0.725834
0.99702
0.99702
0.149563
0.149563
0.641088
0.641088
0.60719
0.60719
0.0309184
0.0309184
0.20041
0.20041
0.59024
0.59024
0.166512
0.166512
0.319054
0.319054
0.115664
0.115664
0.912274
0.912274
0.268207
0.268207
0.539393
0.539393
0.79363
0.79363
0.916583
0.916583
0.170821
0.170821
0.425058
0.425058
0.408109
0.408109
0.00132925
0.00132925
0.458956
0.458956
0.831838
0.831838
0.086075
0.086075
0.492855
0.492855
0.645397
0.645397
0.797939
0.797939
0.238617
0.238617
0.679295
0.679295
0.933533
0.933533
0.443444
0.443444
0.12141
0.12141
0.731579
0.731579
0.273952
0.273952
0.206155
0.206155
0.663783
0.663783
0.951918
0.951918
0.697681
0.697681
0.816325
0.816325
0.223105
0.223105
0.477342
0.477342
0.290901
0.290901
0.968867
0.968867
0.748528
0.748528
0.51124
0.51124
0.550884
0.550884
0.771223
0.771223
0.330545
0.330545
0.618681
0.618681
0.872918
0.872918
0.0424094
0.0424094
0.381392
0.381392
0.0593586
0.0593586
0.0763077
0.0763077
0.364443
0.364443
0.398342
0.398342
0.855969
0.855969
0.347494
0.347494
0.889867
0.889867
0.567833
0.567833
0.715779
0.715779
0.986966
0.986966
0.139508
0.139508
0.631033
0.631033
0.597135
0.597135
0.0208639
0.0208639
0.190355
0.190355
0.580186
0.580186
0.156457
0.156457
0.308999
0.308999
0.10561
0.10561
0.90222
0.90222
0.258152
0.258152
0.529338
0.529338
0.783576
0.783576
0.921467
0.921467
0.175704
0.175704
0.429942
0.429942
0.412993
0.412993
0.0062129
0.0062129
0.46384
0.46384
0.836721
0.836721
0.0909587
0.0909587
0.497738
0.497738
0.650281
0.650281
0.802823
0.802823
0.243501
0.243501
0.684179
0.684179
0.938416
0.938416
0.446029
0.446029
0.123995
0.123995
0.734165
0.734165
0.276538
0.276538
0.208741
0.208741
0.666368
0.666368
0.954504
0.954504
0.700266
0.700266
0.81891
0.81891
0.22569
0.22569
0.479927
0.479927
0.293487
0.293487
0.971453
0.971453
0.751114
0.751114
0.513826
0.513826
0.553469
0.553469
0.773808
0.773808
0.33313
0.33313
0.621266
0.621266
0.875503
0.875503
0.0449949
0.0449949
0.383978
0.383978
0.061944
0.061944
0.506069
0.506069
0.658612
0.658612
0.811154
0.811154
0.251832
0.251832
0.69251
0.69251
0.946747
0.946747
0.456084
0.456084
0.13405
0.13405
0.744219
0.744219
0.286592
0.286592
0.218795
0.218795
0.676423
0.676423
0.964558
0.964558
0.710321
0.710321
0.828965
0.828965
0.235745
0.235745
0.489982
0.489982
0.303541
0.303541
0.981507
0.981507
0.761168
0.761168
0.52388
0.52388
0.546575
0.546575
0.766914
0.766914
0.326236
0.326236
0.614371
0.614371
0.868609
0.868609
0.0381003
0.0381003
0.377083
0.377083
0.0550494
0.0550494
0.0719986
0.0719986
0.360134
0.360134
0.394032
0.394032
0.85166
0.85166
0.343185
0.343185
0.885558
0.885558
0.563524
0.563524
0.728419
0.728419
0.999606
0.999606
0.152148
0.152148
0.643673
0.643673
0.609775
0.609775
0.0335039
0.0335039
0.202995
0.202995
0.592826
0.592826
0.169097
0.169097
0.32164
0.32164
0.11825
0.11825
0.91486
0.91486
0.270792
0.270792
0.541978
0.541978
0.796216
0.796216
0.92118
0.92118
0.175417
0.175417
0.429654
0.429654
0.412705
0.412705
0.00592563
0.00592563
0.463553
0.463553
0.836434
0.836434
0.0906714
0.0906714
0.497451
0.497451
0.649993
0.649993
0.802536
0.802536
0.243214
0.243214
0.683892
0.683892
0.938129
0.938129
0.445167
0.445167
0.123133
0.123133
0.733303
0.733303
0.275676
0.275676
0.207879
0.207879
0.665506
0.665506
0.953642
0.953642
0.699404
0.699404
0.818049
0.818049
0.224828
0.224828
0.479066
0.479066
0.292625
0.292625
0.970591
0.970591
0.750252
0.750252
0.512964
0.512964
0.554044
0.554044
0.774383
0.774383
0.333705
0.333705
0.621841
0.621841
0.876078
0.876078
0.0455694
0.0455694
0.384552
0.384552
0.0625186
0.0625186
0.0794677
0.0794677
0.367603
0.367603
0.401502
0.401502
0.859129
0.859129
0.350654
0.350654
0.893027
0.893027
0.570993
0.570993
0.724685
0.724685
0.995871
0.995871
0.148413
0.148413
0.639939
0.639939
0.606041
0.606041
0.0297694
0.0297694
0.199261
0.199261
0.589091
0.589091
0.165363
0.165363
0.317905
0.317905
0.114515
0.114515
0.911125
0.911125
0.267058
0.267058
0.538244
0.538244
0.792481
0.792481
0.930373
0.930373
0.18461
0.18461
0.438847
0.438847
0.421898
0.421898
0.0151184
0.0151184
0.472746
0.472746
0.845627
0.845627
0.0998642
0.0998642
0.506644
0.506644
0.659186
0.659186
0.811729
0.811729
0.252407
0.252407
0.693084
0.693084
0.947322
0.947322
0.449764
0.449764
0.12773
0.12773
0.737899
0.737899
0.280272
0.280272
0.212475
0.212475
0.670103
0.670103
0.958238
0.958238
0.704001
0.704001
0.822645
0.822645
0.229425
0.229425
0.483662
0.483662
0.297221
0.297221
0.975187
0.975187
0.754848
0.754848
0.51756
0.51756
0.558353
0.558353
0.778692
0.778692
0.338014
0.338014
0.62615
0.62615
0.880387
0.880387
0.0498785
0.0498785
0.388862
0.388862
0.0668277
0.0668277
0.0837768
0.0837768
0.371912
0.371912
0.405811
0.405811
0.863438
0.863438
0.354963
0.354963
0.897336
0.897336
0.575302
0.575302
0.720663
0.720663
0.991849
0.991849
0.144392
0.144392
0.635917
0.635917
0.602019
0.602019
0.0257475
0.0257475
0.195239
0.195239
0.58507
0.58507
0.161341
0.161341
0.313883
0.313883
0.110493
0.110493
0.907103
0.907103
0.263036
0.263036
0.534222
0.534222
0.788459
0.788459
0.924914
0.924914
0.179152
0.179152
0.433389
0.433389
0.41644
0.41644
0.00966019
0.00966019
0.467287
0.467287
0.840169
0.840169
0.094406
0.094406
0.501186
0.501186
0.653728
0.653728
0.80627
0.80627
0.246948
0.246948
0.687626
0.687626
0.941864
0.941864
0.454073
0.454073
0.132039
0.132039
0.742208
0.742208
0.284581
0.284581
0.216785
0.216785
0.674412
0.674412
0.962547
0.962547
0.70831
0.70831
0.826954
0.826954
0.233734
0.233734
0.487971
0.487971
0.30153
0.30153
0.979496
0.979496
0.759157
0.759157
0.521869
0.521869
0.549959
0.549959
0.770298
0.770298
0.32962
0.32962
0.617755
0.617755
0.871993
0.871993
0.0414843
0.0414843
0.380467
0.380467
0.0584334
0.0584334
0.0753826
0.0753826
0.363518
0.363518
0.397416
0.397416
0.855044
0.855044
0.346569
0.346569
0.888942
0.888942
0.566908
0.566908
0.721174
0.721174
0.99236
0.99236
0.144903
0.144903
0.636428
0.636428
0.60253
0.60253
0.0262588
0.0262588
0.19575
0.19575
0.585581
0.585581
0.161852
0.161852
0.314394
0.314394
0.111005
0.111005
0.907615
0.907615
0.263547
0.263547
0.534733
0.534733
0.788971
0.788971
0.927437
0.927437
0.181674
0.181674
0.435911
0.435911
0.876876
0.876876
0.0463679
0.0463679
0.385351
0.385351
0.0633171
0.0633171
0.0802662
0.0802662
0.368402
0.368402
0.4023
0.4023
0.859927
0.859927
0.351453
0.351453
0.893826
0.893826
0.571792
0.571792
0.717439
0.717439
0.988626
0.988626
0.141168
0.141168
0.632694
0.632694
0.598795
0.598795
0.0225242
0.0225242
0.192016
0.192016
0.581846
0.581846
0.158117
0.158117
0.31066
0.31066
0.10727
0.10727
0.90388
0.90388
0.259812
0.259812
0.530999
0.530999
0.785236
0.785236
0.917669
0.917669
0.171907
0.171907
0.426144
0.426144
0.409195
0.409195
0.00241505
0.00241505
0.460042
0.460042
0.832924
0.832924
0.0871608
0.0871608
0.49394
0.49394
0.646483
0.646483
0.799025
0.799025
0.239703
0.239703
0.680381
0.680381
0.934618
0.934618
0.447977
0.447977
0.125943
0.125943
0.736112
0.736112
0.278485
0.278485
0.210689
0.210689
0.668316
0.668316
0.956451
0.956451
0.702214
0.702214
0.820858
0.820858
0.227638
0.227638
0.481875
0.481875
0.295434
0.295434
0.9734
0.9734
0.753061
0.753061
0.515773
0.515773
0.54787472
0.943722
0.818722
0.881222
0.756222
0.994503
0.869503
0.932003
0.807003
0.963253
0.838253
0.900753
0.775753
0.978878
0.853878
0.916378
0.791378
0.947628
0.822628
0.885128
0.760128
0.986691
0.861691
0.924191
0.799191
0.955441
0.830441
0.892941
0.767941
0.971066
0.846066
0.908566
0.783566
0.939816
0.814816
0.877316
0.752316
0.996456
0.871456
0.933956
0.808956
0.965206
0.840206
0.902706
0.777706
0.980831
0.855831
0.918331
0.793331
0.949581
0.824581
0.887081
0.762081
0.988644
0.863644
0.926144
0.801144
0.957394
0.832394
0.894894
0.769894
0.973019
0.848019
0.910519
0.785519
0.941769
0.816769
0.879269
0.754269
0.99255
0.86755
0.93005
0.80505
0.9613
0.8363
0.8988
0.7738
0.976925
0.851925
0.914425
0.789425
0.945675
0.820675
0.883175
0.758175
0.984737
0.859737
0.922237
0.797237
0.953487
0.828487
0.890987
0.765987
0.969112
0.844112
0.906612
0.781612
0.937862
0.812862
0.875362
0.750362
0.99963
0.87463
0.93713
0.81213
0.96838
0.84338
0.90588
0.78088
0.984005
0.859005
0.921505
0.796505
0.952755
0.827755
0.890255
0.765255
0.991817
0.866817
0.929317
0.804317
0.960567
0.835567
0.898067
0.773067
0.976192
0.851192
0.913692
0.788692
0.944942
0.819942
0.882442
0.757442
0.995724
0.870724
0.933224
0.808224
0.964474
0.839474
0.901974
0.776974
0.980099
0.855099
0.917599
0.792599
0.948849
0.823849
0.886349
0.761349
0.987911
0.862911
0.925411
0.800411
0.956661
0.831661
0.894161
0.769161
0.972286
0.847286
0.909786
0.784786
0.941036
0.816036
0.878536
0.753536
0.997677
0.872677
0.935177
0.810177
0.966427
0.841427
0.903927
0.778927
0.982052
0.857052
0.919552
0.794552
0.950802
0.825802
0.888302
0.763302
0.989864
0.864864
0.927364
0.802364
0.958614
0.833614
0.896114
0.771114
0.974239
0.849239
0.911739
0.786739
0.942989
0.817989
0.880489
0.755489
0.993771
0.868771
0.931271
0.806271
0.962521
0.837521
0.900021
0.775021
0.978146
0.853146
0.915646
0.790646
0.946896
0.821896
0.884396
0.759396
0.985958
0.860958
0.923458
0.798458
0.954708
0.829708
0.892208
0.767208
0.970333
0.845333
0.907833
0.782833
0.939083
0.814083
0.876583
0.751583
0.998653
0.873653
0.936153
0.811153
0.967403
0.842403
0.904903
0.779903
0.983028
0.858028
0.920528
0.795528
0.951778
0.827999
0.890499
0.765499
0.992062
0.867062
0.929562
0.804562
0.960812
0.835812
0.898312
0.773312
0.976437
0.851437
0.913937
0.788937
0.945187
0.820187
0.882687
0.757687
0.995968
0.870968
0.933468
0.808468
0.964718
0.839718
0.902218
0.777218
0.980343
0.855343
0.917843
0.792843
0.949093
0.824093
0.886593
0.761593
0.988155
0.863155
0.925655
0.800655
0.956905
0.831905
0.894405
0.769405
0.97253
0.84753
0.91003
0.78503
0.94128
0.81628
0.87878
0.75378
0.997921
0.872921
0.935421
0.810421
0.966671
0.841671
0.904171
0.779171
0.982296
0.857296
0.919796
0.794796
0.951046
0.826046
0.888546
0.763546
0.990108
0.865108
0.927608
0.802608
0.958858
0.833858
0.896358
0.771358
0.974483
0.849483
0.911983
0.786983
0.943233
0.494437
0.770157
0.214601
0.584972
0.807194
0.288676
0.399787
0.967688
0.078799
0.523243
0.671392
0.115836
0.597317
0.81954
0.313367
0.424478
0.905959
0.0170706
0.461515
0.720774
0.165219
0.664533
0.886755
0.257125
0.368237
0.960829
0.0719403
0.516385
0.750953
0.195397
0.565767
0.78799
0.269471
0.380582
0.985521
0.0966316
0.541076
0.689224
0.133669
0.61515
0.837372
0.322969
0.43408
0.915562
0.933242
0.044353
0.488797
0.760402
0.204847
0.575217
0.797439
0.278921
0.390032
0.996342
0.107453
0.551898
0.700046
0.14449
0.625972
0.848194
0.304984
0.416095
0.897577
0.0086877
0.453132
0.712391
0.156836
0.650663
0.872885
0.243256
0.354367
0.946959
0.0580704
0.502515
0.765889
0.210334
0.580704
0.802926
0.284408
0.395519
0.96342
0.0745313
0.518976
0.667124
0.111568
0.59305
0.815272
0.309099
0.42021
0.901692
0.0128029
0.457247
0.716507
0.160951
0.658893
0.881116
0.251486
0.362597
0.95519
0.0663009
0.510745
0.745313
0.189758
0.560128
0.78235
0.263832
0.374943
0.979881
0.0909922
0.535437
0.683585
0.128029
0.609511
0.831733
0.331047
0.442158
0.92364
0.0347508
0.479195
0.738454
0.182899
0.639689
0.861911
0.232282
83316
61
