0.381115
0.381115
0.073805
0.073805
0.355406
0.355406
0.567755
0.567755
0.637081
0.637081
0.0262052
0.0262052
0.315991
0.315991
0.914646
0.914646
0.92079
0.92079
0.440021
0.440021
0.84329
0.84329
0.50234
0.50234
0.679339
0.679339
0.446628
0.446628
0.21248
0.21248
0.96133
0.96133
0.488443
0.488443
0.971662
0.971662
0.772158
0.772158
0.617775
0.617775
0.055994
0.055994
0.370544
0.370544
0.891693
0.891693
0.715721
0.715721
0.609201
0.609201
0.199032
0.199032
0.114968
0.114968
0.267953
0.267953
0.174419
0.174419
0.417272
0.417272
0.0938217
0.0938217
0.644467
0.644467
0.946655
0.946655
0.128109
0.128109
0.667561
0.667561
0.698182
0.698182
0.295941
0.295941
0.754079
0.754079
0.322087
0.322087
0.880163
0.880163
0.405407
0.405407
0.573048
0.573048
0.999713
0.999713
0.0224074
0.0224074
0.581627
0.581627
0.912192
0.912192
0.526261
0.526261
0.437562
0.437562
0.00232254
0.00232254
0.491827
0.491827
0.797545
0.797545
0.450207
0.450207
0.735771
0.735771
0.951529
0.951529
0.82414
0.82414
0.980777
0.980777
0.51607
0.51607
0.622556
0.622556
0.039152
0.039152
0.370929
0.370929
0.849571
0.849571
0.716967
0.716967
0.135608
0.135608
0.19001
0.19001
0.169121
0.169121
0.265826
0.265826
0.788669
0.788669
0.407637
0.407637
0.474459
0.474459
0.653947
0.653947
0.242089
0.242089
0.124248
0.124248
0.27606
0.27606
0.697778
0.697778
0.23722
0.23722
0.76222
0.76222
0.549823
0.549823
0.871608
0.871608
0.381626
0.381626
0.397081
0.397081
0.35191
0.35191
0.993714
0.993714
0.642519
0.642519
0.59155
0.59155
0.315037
0.315037
0.526466
0.526466
0.921813
0.921813
0.010113
0.010113
0.836064
0.836064
0.802823
0.802823
0.68395
0.68395
0.736663
0.736663
0.210786
0.210786
0.491219
0.491219
0.520954
0.520954
0.777553
0.777553
0.0491628
0.0491628
0.0601912
0.0601912
0.852112
0.852112
0.884024
0.884024
0.149801
0.149801
0.598026
0.598026
0.16137
0.16137
0.108779
0.108779
0.795388
0.795388
0.178748
0.178748
0.468354
0.468354
0.0921272
0.0921272
0.248565
0.248565
0.944327
0.944327
0.282619
0.282619
0.667892
0.667892
0.230988
0.230988
0.299257
0.299257
0.542461
0.542461
0.330618
0.330618
0.385994
0.385994
0.0784598
0.0784598
0.349344
0.349344
0.566815
0.566815
0.636263
0.636263
0.0235029
0.0235029
0.310304
0.310304
0.914685
0.914685
0.916632
0.916632
0.440313
0.440313
0.845325
0.845325
0.496954
0.496954
0.687685
0.687685
0.451541
0.451541
0.203653
0.203653
0.952541
0.952541
0.483233
0.483233
0.967256
0.967256
0.769066
0.769066
0.626364
0.626364
0.0563495
0.0563495
0.358372
0.358372
0.88308
0.88308
0.721306
0.721306
0.604434
0.604434
0.200468
0.200468
0.109451
0.109451
0.266595
0.266595
0.175213
0.175213
0.412997
0.412997
0.659498
0.659498
0.934599
0.934599
0.125061
0.125061
0.666855
0.666855
0.699293
0.699293
0.971891
0.971891
0.522493
0.522493
0.769558
0.769558
0.618359
0.618359
0.0411727
0.0411727
0.0574207
0.0574207
0.359248
0.359248
0.851353
0.851353
0.894843
0.894843
0.726584
0.726584
0.147157
0.147157
0.597018
0.597018
0.203059
0.203059
0.153278
0.153278
0.112675
0.112675
0.270344
0.270344
0.793957
0.793957
0.175972
0.175972
0.421952
0.421952
0.462939
0.462939
0.0932325
0.0932325
0.65962
0.65962
0.24223
0.24223
0.935539
0.935539
0.125436
0.125436
0.27627
0.27627
0.67784
0.67784
0.697997
0.697997
0.225534
0.225534
0.290351
0.290351
0.746488
0.746488
0.555909
0.555909
0.329639
0.329639
0.878045
0.878045
0.37387
0.37387
0.0730601
0.0730601
0.403469
0.403469
0.345269
0.345269
0.57558
0.57558
0.998442
0.998442
0.627216
0.627216
0.0228699
0.0228699
0.576398
0.576398
0.32068
0.32068
0.908759
0.908759
0.537509
0.537509
0.924978
0.924978
0.43409
0.43409
0.00434319
0.00434319
0.837296
0.837296
0.507204
0.507204
0.799069
0.799069
0.678336
0.678336
0.445932
0.445932
0.74474
0.74474
0.216911
0.216911
0.953652
0.953652
0.828571
0.828571
0.475282
0.475282
0.975772
0.975772
0.516552
0.516552
0.768652
0.768652
0.626802
0.626802
0.0340346
0.0340346
0.0520063
0.0520063
0.358596
0.358596
0.852502
0.852502
0.884321
0.884321
0.718399
0.718399
0.143238
0.143238
0.598386
0.598386
0.195151
0.195151
0.153667
0.153667
0.10577
0.10577
0.268275
0.268275
0.788094
0.788094
0.170826
0.170826
0.418943
0.418943
0.47295
0.47295
0.0984473
0.0984473
0.651284
0.651284
0.250138
0.250138
0.934915
0.934915
0.124448
0.124448
0.283895
0.283895
0.671646
0.671646
0.701883
0.701883
0.235837
0.235837
0.292786
0.292786
0.746902
0.746902
0.553874
0.553874
0.334513
0.334513
0.876073
0.876073
0.379041
0.379041
0.0832461
0.0832461
0.401502
0.401502
0.35361
0.35361
0.573233
0.573233
0.992146
0.992146
0.641244
0.641244
0.0266191
0.0266191
0.59045
0.59045
0.312442
0.312442
0.899084
0.899084
0.527819
0.527819
0.932057
0.932057
0.424415
0.424415
0.0132633
0.0132633
0.836395
0.836395
0.498805
0.498805
0.806884
0.806884
0.687962
0.687962
0.456103
0.456103
0.730917
0.730917
0.214939
0.214939
0.962596
0.962596
0.82563
0.82563
0.475633
0.475633
0.982856
0.982856
0.524981
0.524981
0.772304
0.772304
0.619017
0.619017
0.0481062
0.0481062
0.0574645
0.0574645
0.357714
0.357714
0.860341
0.860341
0.888402
0.888402
0.713276
0.713276
0.148068
0.148068
0.60588
0.60588
0.199519
0.199519
0.158809
0.158809
0.117758
0.117758
0.262281
0.262281
0.793363
0.793363
0.17623
0.17623
0.409107
0.409107
0.4668
0.4668
0.096485
0.096485
0.644272
0.644272
0.246661
0.246661
0.934175
0.934175
0.128236
0.128236
0.280433
0.280433
0.661509
0.661509
0.702798
0.702798
0.2294
0.2294
0.299568
0.299568
0.752005
0.752005
0.549852
0.549852
0.325642
0.325642
0.872012
0.872012
0.387318
0.387318
0.0767751
0.0767751
0.397417
0.397417
0.354179
0.354179
0.567405
0.567405
0.998734
0.998734
0.635713
0.635713
0.0336256
0.0336256
0.58487
0.58487
0.305323
0.305323
0.89923
0.89923
0.535634
0.535634
0.925981
0.925981
0.42461
0.42461
0.00309184
0.00309184
0.840149
0.840149
0.491691
0.491691
0.799785
0.799785
0.683278
0.683278
0.449759
0.449759
0.733512
0.733512
0.210913
0.210913
0.952166
0.952166
0.815872
0.815872
0.480624
0.480624
0.976857
0.976857
0.517098
0.517098
0.779384
0.779384
0.623258
0.623258
0.0422828
0.0422828
0.0568023
0.0568023
0.36029
0.36029
0.856904
0.856904
0.889215
0.889215
0.718681
0.718681
0.139118
0.139118
0.602447
0.602447
0.196865
0.196865
0.166935
0.166935
0.10393
0.10393
0.27069
0.27069
0.791381
0.791381
0.175256
0.175256
0.417112
0.417112
0.473267
0.473267
0.0924583
0.0924583
0.6583
0.6583
0.243024
0.243024
0.936644
0.936644
0.135515
0.135515
0.276776
0.276776
0.670974
0.670974
0.69658
0.69658
0.236124
0.236124
0.300162
0.300162
0.760151
0.760151
0.554989
0.554989
0.338209
0.338209
0.877003
0.877003
0.387975
0.387975
0.0833191
0.0833191
0.402329
0.402329
0.351131
0.351131
0.575726
0.575726
0.99035
0.99035
0.640874
0.640874
0.0276026
0.0276026
0.589836
0.589836
0.31922
0.31922
0.904552
0.904552
0.528696
0.528696
0.915678
0.915678
0.429849
0.429849
0.00691405
0.00691405
0.847448
0.847448
0.505753
0.505753
0.799439
0.799439
0.693411
0.693411
0.456468
0.456468
0.27775
0.27775
0.676335
0.676335
0.699137
0.699137
0.220456
0.220456
0.29317
0.29317
0.757935
0.757935
0.55846
0.55846
0.330341
0.330341
0.880718
0.880718
0.375233
0.375233
0.067855
0.067855
0.406181
0.406181
0.349237
0.349237
0.572507
0.572507
0.997395
0.997395
0.634783
0.634783
0.0267603
0.0267603
0.583916
0.583916
0.318713
0.318713
0.913458
0.913458
0.527318
0.527318
0.920586
0.920586
0.438799
0.438799
0.00155323
0.00155323
0.83102
0.83102
0.505178
0.505178
0.801134
0.801134
0.693576
0.693576
0.440809
0.440809
0.732689
0.732689
0.219531
0.219531
0.950828
0.950828
0.816203
0.816203
0.486783
0.486783
0.971273
0.971273
0.509288
0.509288
0.772625
0.772625
0.611187
0.611187
0.0414599
0.0414599
0.0615399
0.0615399
0.3629
0.3629
0.85386
0.85386
0.885543
0.885543
0.728638
0.728638
0.143822
0.143822
0.599662
0.599662
0.19259
0.19259
0.154841
0.154841
0.113707
0.113707
0.264857
0.264857
0.783181
0.783181
0.180398
0.180398
0.408771
0.408771
0.471986
0.471986
0.101081
0.101081
0.655593
0.655593
0.23851
0.23851
0.939103
0.939103
0.128567
0.128567
0.272555
0.272555
0.669981
0.669981
0.710779
0.710779
0.234678
0.234678
0.300936
0.300936
0.748338
0.748338
0.55623
0.55623
0.33855
0.33855
0.878196
0.878196
0.382951
0.382951
0.0819801
0.0819801
0.403863
0.403863
0.342387
0.342387
0.569937
0.569937
0.991664
0.991664
0.63972
0.63972
0.0222175
0.0222175
0.588634
0.588634
0.31662
0.31662
0.910595
0.910595
0.529762
0.529762
0.930689
0.930689
0.435853
0.435853
0.0109456
0.0109456
0.840359
0.840359
0.503124
0.503124
0.809947
0.809947
0.685377
0.685377
0.454935
0.454935
0.733843
0.733843
0.217349
0.217349
0.960162
0.960162
0.815561
0.815561
0.477021
0.477021
0.981595
0.981595
0.509599
0.509599
0.768014
0.768014
0.616436
0.616436
0.046441
0.046441
0.0513198
0.0513198
0.363835
0.363835
0.848792
0.848792
0.897424
0.897424
0.722547
0.722547
0.152172
0.152172
0.594632
0.594632
0.200946
0.200946
0.162689
0.162689
0.105522
0.105522
0.254909
0.254909
0.795748
0.795748
0.169978
0.169978
0.411181
0.411181
0.466197
0.466197
0.0985593
0.0985593
0.65179
0.65179
0.244003
0.244003
0.940208
0.940208
0.124034
0.124034
0.277901
0.277901
0.676734
0.676734
0.69697
0.69697
0.228723
0.228723
0.29746
0.29746
0.755851
0.755851
0.550641
0.550641
0.330662
0.330662
0.872538
0.872538
0.37627
0.37627
0.0762882
0.0762882
0.397913
0.397913
0.34171
0.34171
0.560111
0.560111
0.996801
0.996801
0.630683
0.630683
0.0323889
0.0323889
0.579908
0.579908
0.312685
0.312685
0.900876
0.900876
0.538906
0.538906
0.924189
0.924189
0.426042
0.426042
0.0042945
0.0042945
0.835874
0.835874
0.499077
0.499077
0.79958
0.79958
0.678098
0.678098
0.449277
0.449277
0.741488
0.741488
0.211541
0.211541
0.953223
0.953223
0.818102
0.818102
0.484806
0.484806
0.975168
0.975168
0.514522
0.514522
0.777996
0.777996
0.624689
0.624689
0.037516
0.037516
0.0606245
0.0606245
0.357485
0.357485
0.854245
0.854245
0.88345
0.88345
0.712429
0.712429
0.144367
0.144367
0.600086
0.600086
0.201379
0.201379
0.155878
0.155878
0.106705
0.106705
0.25525
0.25525
0.79363
0.79363
0.179463
0.179463
0.420101
0.420101
0.471173
0.471173
0.0930426
0.0930426
0.656649
0.656649
0.243038
0.243038
0.93382
0.93382
0.134079
0.134079
0.27718
0.27718
0.668379
0.668379
0.699697
0.699697
0.233933
0.233933
0.293613
0.293613
0.748981
0.748981
0.558874
0.558874
0.335
0.335
0.880879
0.880879
0.375603
0.375603
0.0815273
0.0815273
0.406307
0.406307
0.340989
0.340989
0.560203
0.560203
0.994698
0.994698
0.643484
0.643484
0.0259374
0.0259374
0.592485
0.592485
0.317525
0.317525
0.908379
0.908379
0.528355
0.528355
0.93102
0.93102
0.433925
0.433925
0.0160825
0.0160825
0.84587
0.84587
0.504073
0.504073
0.803612
0.803612
0.692252
0.692252
0.454443
0.454443
0.738055
0.738055
0.219954
0.219954
0.964958
0.964958
0.826944
0.826944
0.477882
0.477882
0.981804
0.981804
0.52295
0.52295
0.771788
0.771788
0.625142
0.625142
0.0501366
0.0501366
0.0561499
0.0561499
0.366985
0.366985
0.853456
0.853456
0.886094
0.886094
0.721763
0.721763
0.148584
0.148584
0.599214
0.599214
0.198565
0.198565
0.155405
0.155405
0.114432
0.114432
0.260528
0.260528
0.787826
0.787826
0.174677
0.174677
0.409667
0.409667
0.469386
0.469386
0.5077
0.5077
0.798081
0.798081
0.691512
0.691512
0.448269
0.448269
0.743577
0.743577
0.216468
0.216468
0.954007
0.954007
0.820629
0.820629
0.47649
0.47649
0.96616
0.96616
0.520701
0.520701
0.769967
0.769967
0.612745
0.612745
0.0419663
0.0419663
0.0599818
0.0599818
0.3718
0.3718
0.864173
0.864173
0.893149
0.893149
0.727148
0.727148
0.136231
0.136231
0.60995
0.60995
0.19651
0.19651
0.156949
0.156949
0.107387
0.107387
0.269214
0.269214
0.788309
0.788309
0.178626
0.178626
0.41457
0.41457
0.470053
0.470053
0.0976877
0.0976877
0.658018
0.658018
0.248127
0.248127
0.94814
0.94814
0.125972
0.125972
0.282059
0.282059
0.669416
0.669416
0.698762
0.698762
0.232838
0.232838
0.289557
0.289557
0.750228
0.750228
0.552832
0.552832
0.32294
0.32294
0.874997
0.874997
0.386227
0.386227
0.0803149
0.0803149
0.400294
0.400294
0.342031
0.342031
0.574513
0.574513
0.986708
0.986708
0.643513
0.643513
0.0169784
0.0169784
0.592802
0.592802
0.319044
0.319044
0.900087
0.900087
0.526996
0.526996
0.929355
0.929355
0.425594
0.425594
0.0114471
0.0114471
0.837929
0.837929
0.505514
0.505514
0.80758
0.80758
0.689686
0.689686
0.453269
0.453269
0.735173
0.735173
0.213961
0.213961
0.960478
0.960478
0.821398
0.821398
0.479002
0.479002
0.980276
0.980276
0.510968
0.510968
0.762751
0.762751
0.620268
0.620268
0.0504823
0.0504823
0.0665063
0.0665063
0.358094
0.358094
0.858145
0.858145
0.885319
0.885319
0.720926
0.720926
0.136728
0.136728
0.603996
0.603996
0.18963
0.18963
0.166035
0.166035
0.11656
0.11656
0.266429
0.266429
0.7927
0.7927
0.185063
0.185063
0.40824
0.40824
0.461298
0.461298
0.0951314
0.0951314
0.652141
0.652141
0.237858
0.237858
0.934287
0.934287
0.118688
0.118688
0.271751
0.271751
0.674753
0.674753
0.69993
0.69993
0.224001
0.224001
0.294743
0.294743
0.759114
0.759114
0.543069
0.543069
0.328091
0.328091
0.86523
0.86523
0.375993
0.375993
0.0713997
0.0713997
0.390561
0.390561
0.346092
0.346092
0.571548
0.571548
0.999148
0.999148
0.635917
0.635917
0.0312934
0.0312934
0.584889
0.584889
0.313197
0.313197
0.902867
0.902867
0.536428
0.536428
0.923634
0.923634
0.428169
0.428169
0.0120363
0.0120363
0.830533
0.830533
0.499788
0.499788
0.800681
0.800681
0.685557
0.685557
0.444145
0.444145
0.730187
0.730187
0.204174
0.204174
0.961096
0.961096
0.815122
0.815122
0.488054
0.488054
0.974481
0.974481
0.518607
0.518607
0.776939
0.776939
0.613471
0.613471
0.0425603
0.0425603
0.0580342
0.0580342
0.360684
0.360684
0.847798
0.847798
0.886274
0.886274
0.727475
0.727475
0.141879
0.141879
0.593649
0.593649
0.189182
0.189182
0.155469
0.155469
0.108292
0.108292
0.256579
0.256579
0.79012
0.79012
0.176707
0.176707
0.417774
0.417774
0.473992
0.473992
0.0855686
0.0855686
0.66072
0.66072
0.247221
0.247221
0.936883
0.936883
0.132974
0.132974
0.281144
0.281144
0.672693
0.672693
0.707789
0.707789
0.236684
0.236684
0.294032
0.294032
0.748835
0.748835
0.543269
0.543269
0.336553
0.336553
0.865351
0.865351
0.379844
0.379844
0.0839667
0.0839667
0.390941
0.390941
0.346769
0.346769
0.561796
0.561796
0.997001
0.997001
0.640231
0.640231
0.0255576
0.0255576
0.589335
0.589335
0.321474
0.321474
0.911607
0.911607
0.529572
0.529572
0.928795
0.928795
0.437065
0.437065
0.00390498
0.00390498
0.844619
0.844619
0.507968
0.507968
0.812605
0.812605
0.690319
0.690319
0.45697
0.45697
0.735616
0.735616
0.204407
0.204407
0.952975
0.952975
0.824656
0.824656
0.477542
0.477542
0.97973
0.97973
0.511878
0.511878
0.771053
0.771053
0.612998
0.612998
0.0471032
0.0471032
0.0509838
0.0509838
0.367267
0.367267
0.857313
0.857313
0.894274
0.894274
0.71909
0.71909
0.150113
0.150113
0.603105
0.603105
0.188403
0.188403
0.159549
0.159549
0.102951
0.102951
0.264365
0.264365
0.780313
0.780313
0.169574
0.169574
0.411001
0.411001
0.47165
0.47165
0.0856855
0.0856855
0.652808
0.652808
0.24261
0.24261
0.943543
0.943543
0.127019
0.127019
0.276367
0.276367
0.668691
0.668691
0.704249
0.704249
0.234381
0.234381
0.297625
0.297625
0.75275
0.75275
0.548523
0.548523
0.337104
0.337104
0.870664
0.870664
0.380876
0.380876
0.0816977
0.0816977
0.396063
0.396063
0.340585
0.340585
0.569552
0.569552
0.991236
0.991236
0.637577
0.637577
0.0305387
0.0305387
0.58672
0.58672
0.313864
0.313864
0.901334
0.901334
0.785825
0.785825
0.17809
0.17809
0.408805
0.408805
0.474148
0.474148
0.0991728
0.0991728
0.654492
0.654492
0.246272
0.246272
0.935962
0.935962
0.130169
0.130169
0.280296
0.280296
0.664683
0.664683
0.709766
0.709766
0.236977
0.236977
0.298838
0.298838
0.747335
0.747335
0.557379
0.557379
0.324498
0.324498
0.879369
0.879369
0.383973
0.383973
0.0841956
0.0841956
0.40491
0.40491
0.343141
0.343141
0.562049
0.562049
0.991874
0.991874
0.627985
0.627985
0.0245059
0.0245059
0.577196
0.577196
0.315524
0.315524
0.906237
0.906237
0.530249
0.530249
0.92768
0.92768
0.431631
0.431631
0.00932423
0.00932423
0.842272
0.842272
0.502101
0.502101
0.807945
0.807945
0.691945
0.691945
0.457252
0.457252
0.745563
0.745563
0.218576
0.218576
0.958608
0.958608
0.815697
0.815697
0.476261
0.476261
0.97861
0.97861
0.512935
0.512935
0.77023
0.77023
0.62354
0.62354
0.0349305
0.0349305
0.0643883
0.0643883
0.360972
0.360972
0.85649
0.85649
0.89627
0.89627
0.720288
0.720288
0.138052
0.138052
0.60234
0.60234
0.189547
0.189547
0.163624
0.163624
0.111292
0.111292
0.256141
0.256141
0.794117
0.794117
0.183047
0.183047
0.411546
0.411546
0.466494
0.466494
0.0997814
0.0997814
0.644642
0.644642
0.252874
0.252874
0.937331
0.937331
0.126118
0.126118
0.286899
0.286899
0.677158
0.677158
0.701323
0.701323
0.229215
0.229215
0.288647
0.288647
0.756796
0.756796
0.554609
0.554609
0.332103
0.332103
0.876735
0.876735
0.377064
0.377064
0.0765999
0.0765999
0.401979
0.401979
0.35489
0.35489
0.561226
0.561226
0.99608
0.99608
0.633298
0.633298
0.0293701
0.0293701
0.582396
0.582396
0.305737
0.305737
0.899961
0.899961
0.536754
0.536754
0.918784
0.918784
0.425379
0.425379
0.00564323
0.00564323
0.838021
0.838021
0.492124
0.492124
0.470701
0.470701
0.563641
0.563641
0.993422
0.993422
0.641643
0.641643
0.0205376
0.0205376
0.590854
0.590854
0.30599
0.30599
0.909236
0.909236
0.537484
0.537484
0.931536
0.931536
0.434723
0.434723
0.0147824
0.0147824
0.843085
0.843085
0.492397
0.492397
0.800578
0.800578
0.694428
0.694428
0.453854
0.453854
0.729266
0.729266
0.205868
0.205868
0.963998
0.963998
0.824963
0.824963
0.478798
0.478798
0.982194
0.982194
0.511566
0.511566
0.766252
0.766252
0.617288
0.617288
0.048335
0.048335
0.0584237
0.0584237
0.365135
0.365135
0.85464
0.85464
0.882544
0.882544
0.723409
0.723409
0.139021
0.139021
0.600461
0.600461
0.194226
0.194226
0.168406
0.168406
0.112509
0.112509
0.267471
0.267471
0.791941
0.791941
0.177107
0.177107
0.418665
0.418665
0.468013
0.468013
0.08719
0.08719
0.650144
0.650144
0.237371
0.237371
0.941567
0.941567
0.122345
0.122345
0.271308
0.271308
0.669275
0.669275
0.701683
0.701683
0.230944
0.230944
0.293326
0.293326
0.76165
0.76165
0.55271
0.55271
0.324624
0.324624
0.8747
0.8747
0.375038
0.375038
0.0782164
0.0782164
0.399885
0.399885
0.343604
0.343604
0.572785
0.572785
0.983708
0.983708
0.642261
0.642261
0.03309
0.03309
0.591244
0.591244
0.311225
0.311225
0.902585
0.902585
0.529197
0.529197
0.929248
0.929248
0.427794
0.427794
0.00641253
0.00641253
0.834029
0.834029
0.497704
0.497704
0.801518
0.801518
0.686813
0.686813
0.451161
0.451161
0.738639
0.738639
0.213464
0.213464
0.955531
0.955531
0.825396
0.825396
0.490508
0.490508
0.980066
0.980066
0.515549
0.515549
0.778892
0.778892
0.618184
0.618184
0.0490313
0.0490313
0.0634826
0.0634826
0.361634
0.361634
0.847633
0.847633
0.88807
0.88807
0.719431
0.719431
0.138223
0.138223
0.0252704
0.0252704
0.578784
0.578784
0.320228
0.320228
0.900564
0.900564
0.538127
0.538127
0.931867
0.931867
0.426003
0.426003
0.00673876
0.00673876
0.844371
0.844371
0.506717
0.506717
0.805842
0.805842
0.688415
0.688415
0.441613
0.441613
0.7442
0.7442
0.206
0.206
0.956042
0.956042
0.818589
0.818589
0.479426
0.479426
0.982661
0.982661
0.509969
0.509969
0.770999
0.770999
0.621305
0.621305
0.0364448
0.0364448
0.0671149
0.0671149
0.362354
0.362354
0.85594
0.85594
0.890846
0.890846
0.715545
0.715545
0.140107
0.140107
0.6016
0.6016
0.190711
0.190711
0.163897
0.163897
0.106988
0.106988
0.262003
0.262003
0.782836
0.782836
0.185822
0.185822
0.419702
0.419702
0.463718
0.463718
0.0875893
0.0875893
0.656167
0.656167
0.251038
0.251038
0.938713
0.938713
0.126921
0.126921
0.284815
0.284815
0.673974
0.673974
0.711757
0.711757
0.22663
0.22663
0.303848
0.303848
0.757142
0.757142
0.544155
0.544155
0.335443
0.335443
0.866233
0.866233
0.384918
0.384918
0.0738927
0.0738927
0.3917
0.3917
0.342805
0.342805
0.567307
0.567307
0.997648
0.997648
0.637241
0.637241
0.0333919
0.0333919
0.586516
0.586516
0.317189
0.317189
0.903038
0.903038
0.534738
0.534738
0.924072
0.924072
0.428608
0.428608
0.0059938
0.0059938
0.838786
0.838786
0.50364
0.50364
0.802141
0.802141
0.678609
0.678609
0.446983
0.446983
0.737967
0.737967
0.205342
0.205342
0.954971
0.954971
0.826287
0.826287
0.486019
0.486019
0.974866
0.974866
0.519586
0.519586
0.779116
0.779116
0.614459
0.614459
0.0440454
0.0440454
0.0647778
0.0647778
0.357184
0.357184
0.860994
0.860994
0.898028
0.898028
0.728181
0.728181
0.1489
0.1489
0.606859
0.606859
0.202499
0.202499
0.164564
0.164564
0.117028
0.117028
0.255839
0.255839
0.782373
0.782373
0.1835
0.1835
0.416162
0.416162
0.472127
0.472127
0.0867323
0.0867323
0.646459
0.646459
0.248969
0.248969
0.933445
0.933445
0.135048
0.135048
0.28277
0.28277
0.671529
0.671529
0.705773
0.705773
0.234839
0.234839
0.295371
0.295371
0.757731
0.757731
0.546779
0.546779
0.325092
0.325092
0.868721
0.868721
0.376806
0.376806
0.0821993
0.0821993
0.394334
0.394334
0.343988
0.343988
0.560812
0.560812
0.998262
0.998262
0.630527
0.630527
0.025582
0.025582
0.57965
0.57965
0.307558
0.307558
0.909781
0.909781
0.531135
0.531135
0.928255
0.928255
0.435186
0.435186
0.00951412
0.00951412
0.847034
0.847034
0.493848
0.493848
0.811529
0.811529
0.678896
0.678896
0.455256
0.455256
0.74455
0.74455
0.207845
0.207845
0.958657
0.958657
0.822801
0.822801
0.486559
0.486559
0.979039
0.979039
0.512516
0.512516
0.771335
0.771335
0.62597
0.62597
0.0372141
0.0372141
0.0589642
0.0589642
0.3627
0.3627
0.859012
0.859012
0.892112
0.892112
0.725936
0.725936
0.138578
0.138578
0.604711
0.604711
0.188539
0.188539
0.156462
0.156462
0.110829
0.110829
0.265183
0.265183
0.781541
0.781541
0.177749
0.177749
0.412476
0.412476
0.472799
0.472799
0.0890987
0.0890987
0.654254
0.654254
0.24483
0.24483
0.938908
0.938908
0.127423
0.127423
0.278875
0.278875
0.661694
0.661694
0.695451
0.695451
0.235516
0.235516
0.288325
0.288325
0.749565
0.749565
0.555699
0.555699
0.328938
0.328938
0.877826
0.877826
0.377877
0.377877
0.0829734
0.0829734
0.403274
0.403274
0.351638
0.351638
0.570414
0.570414
0.99515
0.99515
0.629889
0.629889
0.0300323
0.0300323
0.578978
0.578978
0.315256
0.315256
0.910234
0.910234
0.540172
0.540172
0.925791
0.925791
0.435755
0.435755
0.0167154
0.0167154
0.83938
0.83938
0.501599
0.501599
0.802964
0.802964
0.684237
0.684237
0.455777
0.455777
0.736176
0.736176
0.216614
0.216614
0.966029
0.966029
0.8193
0.8193
0.478316
0.478316
0.976595
0.976595
0.524528
0.524528
0.7758
0.7758
0.612443
0.612443
0.0366688
0.0366688
0.0673
0.0673
0.361814
0.361814
0.854985
0.854985
0.881921
0.881921
0.720069
0.720069
0.142512
0.142512
0.600909
0.600909
0.191057
0.191057
0.157621
0.157621
0.117451
0.117451
0.258493
0.258493
0.784043
0.784043
0.186007
0.186007
0.42145
0.42145
0.469824
0.469824
0.098048
0.098048
0.647359
0.647359
0.249719
0.249719
0.938212
0.938212
0.131742
0.131742
0.283758
0.283758
0.662127
0.662127
0.704799
0.704799
0.232546
0.232546
0.302324
0.302324
0.750836
0.750836
0.54527
0.54527
0.329805
0.329805
0.867328
0.867328
0.385633
0.385633
0.0801396
0.0801396
0.850973
0.850973
0.8868
0.8868
0.7206
0.7206
0.1372
0.1372
0.596848
0.596848
0.19836
0.19836
0.161842
0.161842
0.101758
0.101758
0.25637
0.25637
0.782646
0.782646
0.182604
0.182604
0.408133
0.408133
0.46773
0.46773
0.0918059
0.0918059
0.645942
0.645942
0.253565
0.253565
0.949099
0.949099
0.119292
0.119292
0.287546
0.287546
0.67542
0.67542
0.710311
0.710311
0.230549
0.230549
0.301769
0.301769
0.755033
0.755033
0.550392
0.550392
0.332975
0.332975
0.872431
0.872431
0.378603
0.378603
0.0779486
0.0779486
0.397782
0.397782
0.353692
0.353692
0.561343
0.561343
0.986352
0.986352
0.640548
0.640548
0.017811
0.017811
0.589685
0.589685
0.30692
0.30692
0.910999
0.910999
0.532167
0.532167
0.921472
0.921472
0.436534
0.436534
0.00999128
0.00999128
0.831268
0.831268
0.493493
0.493493
0.802458
0.802458
0.69028
0.69028
0.450859
0.450859
0.737378
0.737378
0.211341
0.211341
0.959134
0.959134
0.814991
0.814991
0.484037
0.484037
0.972217
0.972217
0.519873
0.519873
0.763715
0.763715
0.62203
0.62203
0.0473807
0.0473807
0.0612672
0.0612672
0.366742
0.366742
0.863555
0.863555
0.896747
0.896747
0.724948
0.724948
0.146753
0.146753
0.609483
0.609483
0.190263
0.190263
0.158161
0.158161
0.115883
0.115883
0.259043
0.259043
0.78658
0.78658
0.179965
0.179965
0.413397
0.413397
0.460943
0.460943
0.0927748
0.0927748
0.648465
0.648465
0.251145
0.251145
0.942847
0.942847
0.119686
0.119686
0.2852
0.2852
0.676048
0.676048
0.703845
0.703845
0.22366
0.22366
0.299885
0.299885
0.751299
0.751299
0.543975
0.543975
0.326124
0.326124
0.865984
0.865984
0.387674
0.387674
0.0710053
0.0710053
0.391306
0.391306
0.345425
0.345425
0.564152
0.564152
0.98569
0.98569
0.630172
0.630172
0.0232497
0.0232497
0.579256
0.579256
0.309632
0.309632
0.907537
0.907537
0.531388
0.531388
0.929886
0.929886
0.433019
0.433019
0.00520014
0.00520014
0.8314
0.8314
0.496063
0.496063
0.806115
0.806115
0.680313
0.680313
0.444062
0.444062
0.742398
0.742398
0.204992
0.204992
0.954333
0.954333
0.820298
0.820298
0.480127
0.480127
0.980714
0.980714
0.520452
0.520452
0.768847
0.768847
0.614094
0.614094
0.0368976
0.0368976
0.0516557
0.0516557
0.356268
0.356268
0.861466
0.861466
0.890442
0.890442
0.722343
0.722343
0.139883
0.139883
0.607214
0.607214
0.191597
0.191597
0.167393
0.167393
0.110138
0.110138
0.265675
0.265675
0.787452
0.787452
0.170217
0.170217
0.412735
0.412735
0.460441
0.460441
0.0863623
0.0863623
0.65755
0.65755
0.245366
0.245366
0.932763
0.932763
0.124925
0.124925
0.279454
0.279454
0.673243
0.673243
0.71071
0.71071
0.222949
0.222949
0.295644
0.295644
0.760565
0.760565
0.553401
0.553401
0.337883
0.337883
0.87543
0.87543
0.379484
0.379484
0.0705622
0.0705622
0.400835
0.400835
0.340332
0.340332
0.570701
0.570701
0.984891
0.984891
0.634018
0.634018
0.0314443
0.0314443
0.583283
0.583283
0.318538
0.318538
0.903909
0.903909
0.534987
0.534987
0.930441
0.930441
0.429411
0.429411
0.0154397
0.0154397
0.83677
0.83677
0.505013
0.505013
0.813389
0.813389
0.688055
0.688055
0.443288
0.443288
0.740538
0.740538
0.214462
0.214462
0.96448
0.96448
0.81931
0.81931
0.489456
0.489456
0.981167
0.981167
0.512448
0.512448
0.777314
0.777314
0.615331
0.615331
0.0410071
0.0410071
0.0519722
0.0519722
0.365962
0.365962
0.855594
0.855594
0.896942
0.896942
0.71257
0.71257
0.151632
0.151632
0.6014
0.6014
0.19928
0.19928
0.158916
0.158916
0.115338
0.115338
0.266016
0.266016
0.781239
0.781239
0.170436
0.170436
0.416484
0.416484
0.459365
0.459365
0.0957157
0.0957157
0.647169
0.647169
0.253911
0.253911
0.942
0.942
0.133207
0.133207
0.287571
0.287571
0.663378
0.663378
0.702277
0.702277
0.222102
0.222102
0.300703
0.300703
0.752166
0.752166
0.546463
0.546463
0.324206
0.324206
0.868477
0.868477
0.374191
0.374191
0.0695933
0.0695933
0.394018
0.394018
0.345595
0.345595
0.571363
0.571363
0.987472
0.987472
0.63506
0.63506
0.0320383
0.0320383
0.584135
0.584135
0.308074
0.308074
0.912976
0.912976
0.542095
0.542095
0.927378
0.927378
0.438555
0.438555
0.00901747
0.00901747
0.845057
0.845057
0.494583
0.494583
0.807454
0.807454
0.681199
0.681199
0.44246
0.44246
0.736555
0.736555
0.207582
0.207582
0.958107
0.958107
0.823254
0.823254
0.48113
0.48113
0.978221
0.978221
0.513431
0.513431
0.333286
0.333286
0.866457
0.866457
0.378758
0.378758
0.081206
0.081206
0.392007
0.392007
0.34856
0.34856
0.564288
0.564288
0.985938
0.985938
0.638181
0.638181
0.0194859
0.0194859
0.587368
0.587368
0.312968
0.312968
0.899595
0.899595
0.525993
0.525993
0.925567
0.925567
0.425112
0.425112
0.00739608
0.00739608
0.842783
0.842783
0.49952
0.49952
0.806494
0.806494
0.679758
0.679758
0.454126
0.454126
0.732436
0.732436
0.205479
0.205479
0.956344
0.956344
0.824325
0.824325
0.481276
0.481276
0.976341
0.976341
0.517823
0.517823
0.765064
0.765064
0.615905
0.615905
0.0448829
0.0448829
0.0659999
0.0659999
0.364877
0.364877
0.860628
0.860628
0.895505
0.895505
0.726442
0.726442
0.146953
0.146953
0.606342
0.606342
0.201316
0.201316
0.158337
0.158337
0.114116
0.114116
0.267135
0.267135
0.795563
0.795563
0.184615
0.184615
0.407179
0.407179
0.460578
0.460578
0.0870294
0.0870294
0.645533
0.645533
0.247693
0.247693
0.941206
0.941206
0.121152
0.121152
0.281796
0.281796
0.663749
0.663749
0.70348
0.70348
0.223256
0.223256
0.301993
0.301993
0.751664
0.751664
0.547018
0.547018
0.333846
0.333846
0.869237
0.869237
0.382542
0.382542
0.0707521
0.0707521
0.394583
0.394583
0.355718
0.355718
0.572045
0.572045
0.990199
0.990199
0.631423
0.631423
0.0272472
0.0272472
0.580541
0.580541
0.306536
0.306536
0.905195
0.905195
0.53541
0.53541
0.918658
0.918658
0.430555
0.430555
0.000165548
0.000165548
0.832812
0.832812
0.493108
0.493108
0.801937
0.801937
0.682309
0.682309
0.443775
0.443775
0.745062
0.745062
0.208254
0.208254
0.949435
0.949435
0.813973
0.813973
0.48059
0.48059
0.969325
0.969325
0.51405
0.51405
0.772771
0.772771
0.624908
0.624908
0.0379542
0.0379542
0.0629617
0.0629617
0.371669
0.371669
0.857941
0.857941
0.889755
0.889755
0.726827
0.726827
0.147498
0.147498
0.60383
0.60383
0.192873
0.192873
0.162149
0.162149
0.105425
0.105425
0.263625
0.263625
0.781721
0.781721
0.181615
0.181615
0.41681
0.41681
0.4646
0.4646
0.0895856
0.0895856
0.655135
0.655135
0.238096
0.238096
0.947989
0.947989
0.128957
0.128957
0.271936
0.271936
0.662794
0.662794
0.708544
0.708544
0.227321
0.227321
0.296184
0.296184
0.755253
0.755253
0.553679
0.553679
0.326012
0.326012
0.875693
0.875693
0.389777
0.389777
0.0749492
0.0749492
0.401102
0.401102
0.349865
0.349865
0.568539
0.568539
0.991031
0.991031
0.642919
0.642919
0.0203672
0.0203672
0.592149
0.592149
0.316001
0.316001
0.904265
0.904265
0.530634
0.530634
0.91801
0.91801
0.429494
0.429494
0.0140862
0.0140862
0.840607
0.840607
0.502719
0.502719
0.81204
0.81204
0.691302
0.691302
0.447855
0.447855
0.742846
0.742846
0.214598
0.214598
0.963268
0.963268
0.823448
0.823448
0.484134
0.484134
0.968916
0.968916
0.523203
0.523203
0.766091
0.766091
0.616631
0.616631
0.0498152
0.0498152
0.0532625
0.0532625
0.363138
0.363138
0.848183
0.848183
0.894984
0.894984
0.724159
0.724159
0.13942
0.13942
0.593951
0.593951
0.18777
0.18777
0.169268
0.169268
0.117953
0.117953
0.25991
0.25991
0.784355
0.784355
0.171809
0.171809
0.412116
0.412116
0.46553
0.46553
0.0961247
0.0961247
0.648323
0.648323
0.238432
0.238432
0.939502
0.939502
0.121814
0.121814
0.272136
0.272136
0.665482
0.665482
0.706582
0.706582
0.228324
0.228324
0.304651
0.304651
0.762702
0.762702
0.554399
0.554399
0.326971
0.326971
0.876375
0.876375
0.383764
0.383764
0.0756406
0.0756406
0.401682
0.401682
0.339465
0.339465
0.565009
0.565009
0.98477
0.98477
0.629207
0.629207
0.0196028
0.0196028
0.578457
0.578457
0.309155
0.309155
0.907844
0.907844
0.540815
0.540815
0.917105
0.917105
0.433311
0.433311
0.00836015
0.00836015
0.833849
0.833849
0.495591
0.495591
0.805521
0.805521
0.681063
0.681063
0.448712
0.448712
0.736984
0.736984
0.215319
0.215319
0.957552
0.957552
0.818813
0.818813
0.491452
0.491452
0.96802
0.96802
0.515053
0.515053
0.765575
0.765575
0.611358
0.611358
0.0360894
0.0360894
0.0609069
0.0609069
0.356161
0.356161
0.848417
0.848417
0.892915
0.892915
0.714241
0.714241
0.140701
0.140701
0.594189
0.594189
0.193048
0.193048
0.163206
0.163206
0.115508
0.115508
0.269064
0.269064
0.790972
0.790972
0.179678
0.179678
0.422171
0.422171
0.459083
0.459083
0.0966457
0.0966457
0.660024
0.660024
0.243569
0.243569
0.932432
0.932432
0.121356
0.121356
0.277429
0.277429
0.674446
0.674446
0.822591
0.822591
0.474868
0.474868
0.979384
0.979384
0.515189
0.515189
0.767026
0.767026
0.616188
0.616188
0.0452383
0.0452383
0.05354
0.05354
0.364526
0.364526
0.86205
0.86205
0.893908
0.893908
0.715258
0.715258
0.144956
0.144956
0.607672
0.607672
0.196057
0.196057
0.162461
0.162461
0.11825
0.11825
0.255528
0.255528
0.783649
0.783649
0.172359
0.172359
0.422521
0.422521
0.461727
0.461727
0.0896635
0.0896635
0.64882
0.64882
0.25245
0.25245
0.940758
0.940758
0.123236
0.123236
0.286222
0.286222
0.66797
0.66797
0.698572
0.698572
0.22438
0.22438
0.298555
0.298555
0.755788
0.755788
0.555105
0.555105
0.327648
0.327648
0.877242
0.877242
0.378135
0.378135
0.071945
0.071945
0.402699
0.402699
0.354296
0.354296
0.560573
0.560573
0.999085
0.999085
0.639023
0.639023
0.030378
0.030378
0.588132
0.588132
0.309715
0.309715
0.898646
0.898646
0.532625
0.532625
0.918327
0.918327
0.424172
0.424172
0.00763954
0.00763954
0.834837
0.834837
0.496331
0.496331
0.796732
0.796732
0.679466
0.679466
0.444739
0.444739
0.741984
0.741984
0.216098
0.216098
0.956802
0.956802
0.829218
0.829218
0.484451
0.484451
0.969184
0.969184
0.514444
0.514444
0.77617
0.77617
0.619659
0.619659
0.0457106
0.0457106
0.052649
0.052649
0.369473
0.369473
0.862591
0.862591
0.88494
0.88494
0.714713
0.714713
0.141236
0.141236
0.608183
0.608183
0.203112
0.203112
0.157971
0.157971
0.110386
0.110386
0.261044
0.261044
0.784618
0.784618
0.171313
0.171313
0.41421
0.41421
0.473447
0.473447
0.0974686
0.0974686
0.655432
0.655432
0.249534
0.249534
0.945803
0.945803
0.132141
0.132141
0.28332
0.28332
0.668978
0.668978
0.711012
0.711012
0.236188
0.236188
0.28871
0.28871
0.750948
0.750948
0.55159
0.55159
0.336933
0.336933
0.873712
0.873712
0.38819
0.38819
0.0837184
0.0837184
0.399184
0.399184
0.347966
0.347966
0.566075
0.566075
0.985227
0.985227
0.630955
0.630955
0.0199728
0.0199728
0.58002
0.58002
0.316361
0.316361
0.908335
0.908335
0.525662
0.525662
0.922397
0.922397
0.433608
0.433608
0.012494
0.012494
0.843913
0.843913
0.502929
0.502929
0.81073
0.81073
0.689165
0.689165
0.456595
0.456595
0.739355
0.739355
0.212831
0.212831
0.961632
0.961632
0.821009
0.821009
0.479996
0.479996
0.973108
0.973108
0.517979
0.517979
0.765809
0.765809
0.62708
0.62708
0.0377595
0.0377595
0.0554146
0.0554146
0.367482
0.367482
0.859747
0.859747
0.897643
0.897643
0.713797
0.713797
0.150371
0.150371
0.605325
0.605325
0.197289
0.197289
0.167933
0.167933
0.114627
0.114627
0.259997
0.259997
0.792413
0.792413
0.173971
0.173971
0.406897
0.406897
0.459896
0.459896
0.0940554
0.0940554
0.656041
0.656041
0.239723
0.239723
0.943913
0.943913
0.121799
0.121799
0.273655
0.273655
0.662687
0.662687
0.708812
0.708812
0.222545
0.222545
0.28928
0.28928
0.761139
0.761139
0.548021
0.548021
0.328622
0.328622
0.870104
0.870104
0.382021
0.382021
0.0699098
0.0699098
0.395415
0.395415
0.3547
0.3547
0.565087
0.565087
0.987745
0.987745
0.632241
0.632241
0.0239995
0.0239995
0.58133
0.58133
0.316999
0.316999
0.903583
0.903583
0.539612
0.539612
0.923186
0.923186
0.429182
0.429182
0.00357875
0.00357875
0.833552
0.833552
0.503474
0.503474
0.804965
0.804965
0.682129
0.682129
0.442835
0.442835
0.729661
0.729661
0.209043
0.209043
0.952629
0.952629
0.813813
0.813813
0.489948
0.489948
0.974058
0.974058
0.525385
0.525385
0.769694
0.769694
0.621062
0.621062
0.0389572
0.0389572
0.064101
0.064101
0.363406
0.363406
0.849873
0.849873
0.895169
0.895169
0.716344
0.716344
0.141962
0.141962
0.595621
0.595621
0.186796
0.186796
0.161599
0.161599
0.112256
0.112256
0.263839
0.263839
0.788946
0.788946
0.182954
0.182954
0.420871
0.420871
0.462224
0.462224
0.0904328
0.0904328
0.648075
0.648075
0.247533
0.247533
0.939697
0.939697
0.125685
0.125685
0.281499
0.281499
0.671997
0.671997
0.703042
0.703042
0.22496
0.22496
0.294212
0.294212
0.754931
0.754931
0.557175
0.557175
0.323339
0.323339
0.879228
0.879228
0.388443
0.388443
0.072393
0.072393
0.404744
0.404744
0.346326
0.346326
0.568992
0.568992
0.994342
0.994342
0.640002
0.640002
0.0248175
0.0248175
0.589111
0.589111
0.309043
0.309043
0.913647
0.913647
0.533964
0.533964
0.916837
0.916837
0.439193
0.439193
0.0162529
0.0162529
0.837471
0.837471
0.49546
0.49546
0.81039
0.81039
0.935811
0.935811
0.120207
0.120207
0.27384
0.27384
0.677017
0.677017
0.703762
0.703762
0.232229
0.232229
0.303351
0.303351
0.752954
0.752954
0.543795
0.543795
0.327833
0.327833
0.865585
0.865585
0.373154
0.373154
0.0797355
0.0797355
0.391126
0.391126
0.353303
0.353303
0.570195
0.570195
0.986907
0.986907
0.632845
0.632845
0.027997
0.027997
0.581983
0.581983
0.317959
0.317959
0.914018
0.914018
0.537183
0.537183
0.91951
0.91951
0.439256
0.439256
0.00819948
0.00819948
0.832008
0.832008
0.504165
0.504165
0.80422
0.80422
0.68283
0.68283
0.45267
0.45267
0.743455
0.743455
0.204563
0.204563
0.957464
0.957464
0.82709
0.82709
0.481948
0.481948
0.970211
0.970211
0.518325
0.518325
0.773765
0.773765
0.61554
0.61554
0.0393711
0.0393711
0.0586477
0.0586477
0.372073
0.372073
0.850238
0.850238
0.890018
0.890018
0.718895
0.718895
0.141339
0.141339
0.595986
0.595986
0.201768
0.201768
0.152625
0.152625
0.107815
0.107815
0.254593
0.254593
0.786161
0.786161
0.17734
0.17734
0.418334
0.418334
0.461401
0.461401
0.0859922
0.0859922
0.653275
0.653275
0.239168
0.239168
0.948417
0.948417
0.129833
0.129833
0.273012
0.273012
0.663052
0.663052
0.708071
0.708071
0.224078
0.224078
0.30041
0.30041
0.746006
0.746006
0.549039
0.549039
0.331738
0.331738
0.871112
0.871112
0.386968
0.386968
0.0717795
0.0717795
0.396545
0.396545
0.34745
0.34745
0.559765
0.559765
0.988124
0.988124
0.641857
0.641857
0.0209905
0.0209905
0.591093
0.591093
0.314424
0.314424
0.905531
0.905531
0.533097
0.533097
0.931205
0.931205
0.431096
0.431096
0.0164769
0.0164769
0.841454
0.841454
0.500976
0.500976
0.809172
0.809172
0.68917
0.68917
0.444495
0.444495
0.74401
0.74401
0.210041
0.210041
0.965756
0.965756
0.825255
0.825255
0.47481
0.47481
0.981946
0.981946
0.513913
0.513913
0.766816
0.766816
0.625444
0.625444
0.048671
0.048671
0.0523228
0.0523228
0.369989
0.369989
0.849439
0.849439
0.894493
0.894493
0.719903
0.719903
0.145161
0.145161
0.5951
0.5951
0.195453
0.195453
0.16675
0.16675
0.116268
0.116268
0.264014
0.264014
0.78099
0.78099
0.170962
0.170962
0.414263
0.414263
0.462574
0.462574
0.0913531
0.0913531
0.649804
0.649804
0.241651
0.241651
0.946241
0.946241
0.122934
0.122934
0.275554
0.275554
0.665862
0.665862
0.705437
0.705437
0.225442
0.225442
0.290517
0.290517
0.759912
0.759912
0.548162
0.548162
0.338715
0.338715
0.870152
0.870152
0.381329
0.381329
0.0728507
0.0728507
0.395703
0.395703
0.35249
0.35249
0.569187
0.569187
0.995852
0.995852
0.63358
0.63358
0.0330121
0.0330121
0.582776
0.582776
0.310743
0.310743
0.898549
0.898549
0.537986
0.537986
0.917294
0.917294
0.423812
0.423812
0.00880811
0.00880811
0.834686
0.834686
0.497169
0.497169
0.800062
0.800062
0.689832
0.689832
0.445644
0.445644
0.741001
0.741001
0.209213
0.209213
0.957839
0.957839
0.821077
0.821077
0.488789
0.488789
0.968156
0.968156
0.5239
0.5239
0.778687
0.778687
0.619153
0.619153
0.0404959
0.0404959
0.0619051
0.0619051
0.364068
0.364068
0.851957
0.851957
0.891717
0.891717
0.713496
0.713496
0.152401
0.152401
0.597578
0.597578
0.202095
0.202095
0.160922
0.160922
0.116789
0.116789
0.259622
0.259622
0.786414
0.786414
0.180481
0.180481
0.419371
0.419371
0.470545
0.470545
0.0906519
0.0906519
0.658758
0.658758
0.250644
0.250644
0.940281
0.940281
0.134468
0.134468
0.284596
0.284596
0.672435
0.672435
0.695675
0.695675
0.233218
0.233218
0.298317
0.298317
0.754342
0.754342
0.551882
0.551882
0.332741
0.332741
0.874009
0.874009
0.386568
0.386568
0.0806071
0.0806071
0.399408
0.399408
0.350513
0.350513
0.564629
0.564629
0.992307
0.992307
0.628355
0.628355
0.0191256
0.0191256
0.57744
0.57744
0.319862
0.319862
0.912654
0.912654
0.529022
0.529022
0.91986
0.91986
0.437946
0.437946
0.0129419
0.0129419
0.846455
0.846455
0.506211
0.506211
0.812722
0.812722
0.681715
0.681715
0.453479
0.453479
0.731238
0.731238
0.213031
0.213031
0.962094
0.962094
0.826039
0.826039
0.483121
0.483121
0.970708
0.970708
0.517638
0.517638
0.764991
0.764991
0.625716
0.625716
0.035174
0.035174
0.0549813
0.0549813
0.372589
0.372589
0.860716
0.860716
0.881965
0.881965
0.723
0.723
0.146495
0.146495
0.60645
0.60645
0.193876
0.193876
0.166278
0.166278
0.113775
0.113775
0.26974
0.26974
0.785626
0.785626
0.173747
0.173747
0.000798524
0.000798524
0.835314
0.835314
0.492723
0.492723
0.804727
0.804727
0.690708
0.690708
0.446341
0.446341
0.732003
0.732003
0.214238
0.214238
0.949971
0.949971
0.829725
0.829725
0.486345
0.486345
0.978075
0.978075
0.515759
0.515759
0.774096
0.774096
0.610374
0.610374
0.0399018
0.0399018
0.0528973
0.0528973
0.368976
0.368976
0.854406
0.854406
0.887564
0.887564
0.727923
0.727923
0.145619
0.145619
0.600134
0.600134
0.200658
0.200658
0.160031
0.160031
0.111832
0.111832
0.270028
0.270028
0.796566
0.796566
0.171658
0.171658
0.420622
0.420622
0.472502
0.472502
0.0956232
0.0956232
0.650811
0.650811
0.245152
0.245152
0.945262
0.945262
0.130086
0.130086
0.279186
0.279186
0.666095
0.666095
0.709508
0.709508
0.235009
0.235009
0.289986
0.289986
0.753485
0.753485
0.542733
0.542733
0.327336
0.327336
0.864743
0.864743
0.385468
0.385468
0.0824914
0.0824914
0.390147
0.390147
0.342533
0.342533
0.574888
0.574888
0.989502
0.989502
0.636677
0.636677
0.029
0.029
0.585902
0.585902
0.311746
0.311746
0.91004
0.91004
0.53354
0.53354
0.919072
0.919072
0.435419
0.435419
0.00103711
0.00103711
0.841853
0.841853
0.498191
0.498191
0.813068
0.813068
0.6873
0.6873
0.455494
0.455494
0.731521
0.731521
0.203848
0.203848
0.950195
0.950195
0.82746
0.82746
0.482099
0.482099
0.970016
0.970016
0.508708
0.508708
0.774602
0.774602
0.624407
0.624407
0.0433978
0.0433978
0.0555753
0.0555753
0.366376
0.366376
0.855229
0.855229
0.895914
0.895914
0.714046
0.714046
0.14093
0.14093
0.601142
0.601142
0.194772
0.194772
0.1651
0.1651
0.104991
0.104991
0.26157
0.26157
0.79048
0.79048
0.174112
0.174112
0.414901
0.414901
0.463952
0.463952
0.0852229
0.0852229
0.64995
0.64995
0.238953
0.238953
0.942662
0.942662
0.130578
0.130578
0.272783
0.272783
0.673832
0.673832
0.709966
0.709966
0.226922
0.226922
0.292459
0.292459
0.758281
0.758281
0.552389
0.552389
0.337259
0.337259
0.874208
0.874208
0.376606
0.376606
0.0741702
0.0741702
0.399759
0.399759
0.355207
0.355207
0.566777
0.566777
0.984327
0.984327
0.643927
0.643927
0.0206886
0.0206886
0.593177
0.593177
0.310913
0.310913
0.905945
0.905945
0.541993
0.541993
0.920265
0.920265
0.431329
0.431329
0.0062129
0.0062129
0.842321
0.842321
0.497441
0.497441
0.805263
0.805263
0.683614
0.683614
0.447232
0.447232
0.730625
0.730625
0.213303
0.213303
0.95519
0.95519
0.821851
0.821851
0.487187
0.487187
0.971054
0.971054
0.522697
0.522697
0.766709
0.766709
0.618632
0.618632
0.0508231
0.0508231
0.0622362
0.0622362
0.356677
0.356677
0.848904
0.848904
0.896455
0.896455
0.716617
0.716617
0.151028
0.151028
0.594817
0.594817
0.199967
0.199967
0.156043
0.156043
0.104436
0.104436
0.254291
0.254291
0.780128
0.780128
0.18089
0.18089
0.423364
0.423364
0.459034
0.459034
0.0947663
0.0947663
0.653786
0.653786
0.248448
0.248448
0.932812
0.932812
0.122447
0.122447
0.282273
0.282273
0.670224
0.670224
0.707229
0.707229
0.221756
0.221756
0.301501
0.301501
0.749298
0.749298
0.547612
0.547612
0.330978
0.330978
0.869636
0.869636
0.389232
0.389232
0.0689457
0.0689457
0.395269
0.395269
0.352918
0.352918
0.559434
0.559434
0.989658
0.989658
0.637879
0.637879
0.0219984
0.0219984
0.586934
0.586934
0.314565
0.314565
0.910784
0.910784
0.53429
0.53429
0.928045
0.928045
0.436233
0.436233
0.0146364
0.0146364
0.834321
0.834321
0.501273
0.501273
0.809742
0.809742
0.692651
0.692651
0.441988
0.441988
0.733381
0.733381
0.208663
0.208663
0.963565
0.963565
0.830143
0.830143
0.478262
0.478262
0.978771
0.978771
0.51683
0.51683
0.767639
0.767639
0.623774
0.623774
0.0446102
0.0446102
0.0627425
0.0627425
0.357008
0.357008
0.858501
0.858501
0.893641
0.893641
0.723243
0.723243
0.144752
0.144752
0.604288
0.604288
0.198209
0.198209
0.168888
0.168888
0.103579
0.103579
0.268387
0.268387
0.789584
0.789584
0.181328
0.181328
0.415578
0.415578
0.464483
0.464483
0.0899654
0.0899654
0.660983
0.660983
0.24149
0.24149
0.93328
0.93328
0.123649
0.123649
0.275301
0.275301
0.666631
0.666631
0.697442
0.697442
0.227175
0.227175
0.291042
0.291042
0.761991
0.761991
0.557603
0.557603
0.3376
0.3376
0.87991
0.87991
0.386943
0.386943
0.0746133
0.0746133
0.405187
0.405187
0.347309
0.347309
0.573545
0.573545
0.98902
0.98902
0.627688
0.627688
0.0296671
0.0296671
0.57669
0.57669
0.115182
0.115182
0.267895
0.267895
0.794906
0.794906
0.174404
0.174404
0.417384
0.417384
0.4672
0.4672
0.0937048
0.0937048
0.644452
0.644452
0.239469
0.239469
0.946825
0.946825
0.128071
0.128071
0.273392
0.273392
0.667386
0.667386
0.698095
0.698095
0.230082
0.230082
0.296009
0.296009
0.75404
0.75404
0.557954
0.557954
0.322078
0.322078
0.880173
0.880173
0.389426
0.389426
0.0773302
0.0773302
0.405426
0.405426
0.34766
0.34766
0.572873
0.572873
0.999951
0.999951
0.632324
0.632324
0.0226459
0.0226459
0.58151
0.58151
0.305518
0.305518
0.912255
0.912255
0.52612
0.52612
0.930158
0.930158
0.437547
0.437547
0.00248321
0.00248321
0.839867
0.839867
0.491915
0.491915
0.797696
0.797696
0.684661
0.684661
0.450275
0.450275
0.735791
0.735791
0.219058
0.219058
0.951641
0.951641
0.824042
0.824042
0.482703
0.482703
0.980938
0.980938
0.516153
0.516153
0.768194
0.768194
0.6226
0.6226
0.0392835
0.0392835
0.0635605
0.0635605
0.371143
0.371143
0.849712
0.849712
0.884721
0.884721
0.716923
0.716923
0.135695
0.135695
0.595236
0.595236
0.189888
0.189888
0.168956
0.168956
0.104602
0.104602
0.265889
0.265889
0.78881
0.78881
0.182219
0.182219
0.407534
0.407534
0.474343
0.474343
0.100531
0.100531
0.653933
0.653933
0.241923
0.241923
0.947341
0.947341
0.124321
0.124321
0.275929
0.275929
0.662448
0.662448
0.697647
0.697647
0.237176
0.237176
0.289806
0.289806
0.762352
0.762352
0.549589
0.549589
0.336135
0.336135
0.871701
0.871701
0.381709
0.381709
0.0844731
0.0844731
0.39728
0.39728
0.352149
0.352149
0.570842
0.570842
0.993758
0.993758
0.642354
0.642354
0.0318436
0.0318436
0.591541
0.591541
0.31492
0.31492
0.906407
0.906407
0.52629
0.52629
0.921715
0.921715
0.431914
0.431914
0.0103272
0.0103272
0.836127
0.836127
0.501439
0.501439
0.802648
0.802648
0.683853
0.683853
0.45734
0.45734
0.736818
0.736818
0.210727
0.210727
0.959412
0.959412
0.814402
0.814402
0.490985
0.490985
0.972563
0.972563
0.521037
0.521037
0.777562
0.777562
0.613656
0.613656
0.0492942
0.0492942
0.0603031
0.0603031
0.368007
0.368007
0.852327
0.852327
0.884156
0.884156
0.724616
0.724616
0.149694
0.149694
0.597875
0.597875
0.202718
0.202718
0.161219
0.161219
0.108789
0.108789
0.261794
0.261794
0.79533
0.79533
0.178767
0.178767
0.407651
0.407651
0.468417
0.468417
0.0919909
0.0919909
0.649507
0.649507
0.248716
0.248716
0.944542
0.944542
0.133436
0.133436
0.282585
0.282585
0.667658
0.667658
0.696843
0.696843
0.23108
0.23108
0.299091
0.299091
0.754425
0.754425
0.542631
0.542631
0.330569
0.330569
0.864543
0.864543
0.385877
0.385877
0.0785036
0.0785036
0.389835
0.389835
0.349437
0.349437
0.566976
0.566976
0.983348
0.983348
0.636165
0.636165
0.0234055
0.0234055
0.585406
0.585406
0.310373
0.310373
0.914845
0.914845
0.531554
0.531554
0.916598
0.916598
0.440162
0.440162
0.00322331
0.00322331
0.845247
0.845247
0.496847
0.496847
0.811247
0.811247
0.687587
0.687587
0.451443
0.451443
0.730445
0.730445
0.203512
0.203512
0.952507
0.952507
0.81445
0.81445
0.483365
0.483365
0.967416
0.967416
0.512083
0.512083
0.76911
0.76911
0.626276
0.626276
0.0430862
0.0430862
0.0563349
0.0563349
0.358459
0.358459
0.858876
0.858876
0.883318
0.883318
0.721164
0.721164
0.144148
0.144148
0.604439
0.604439
0.200371
0.200371
0.165728
0.165728
0.10969
0.10969
0.266756
0.266756
0.787047
0.787047
0.175071
0.175071
0.412881
0.412881
0.458007
0.458007
0.0848675
0.0848675
0.659332
0.659332
0.249159
0.249159
0.934662
0.934662
0.125125
0.125125
0.283013
0.283013
0.667011
0.667011
0.699492
0.699492
0.220879
0.220879
0.292289
0.292289
0.758934
0.758934
0.55662
0.55662
0.335808
0.335808
0.878576
0.878576
0.383418
0.383418
0.0683663
0.0683663
0.40415
0.40415
0.339767
0.339767
0.571821
0.571821
0.993096
0.993096
0.642758
0.642758
0.0181664
0.0181664
0.592047
0.592047
0.320359
0.320359
0.907123
0.907123
0.539909
0.539909
0.921954
0.921954
0.432615
0.432615
0.00267798
0.00267798
0.837043
0.837043
0.506965
0.506965
0.811583
0.811583
0.694876
0.694876
0.441238
0.441238
0.739978
0.739978
0.217715
0.217715
0.951762
0.951762
0.81968
0.81968
0.48762
0.48762
0.972991
0.972991
0.524801
0.524801
0.763983
0.763983
0.6241
0.6241
0.0496059
0.0496059
0.0655276
0.0655276
0.366065
0.366065
0.859333
0.859333
0.885753
0.885753
0.998364
0.998364
0.627279
0.627279
0.0227044
0.0227044
0.576481
0.576481
0.320812
0.320812
0.908744
0.908744
0.537601
0.537601
0.924987
0.924987
0.434183
0.434183
0.00438701
0.00438701
0.837121
0.837121
0.507126
0.507126
0.799191
0.799191
0.678468
0.678468
0.446063
0.446063
0.744823
0.744823
0.217004
0.217004
0.953661
0.953661
0.828722
0.828722
0.475175
0.475175
0.975781
0.975781
0.516596
0.516596
0.768584
0.768584
0.626695
0.626695
0.0341758
0.0341758
0.0520112
0.0520112
0.358708
0.358708
0.852624
0.852624
0.884477
0.884477
0.71834
0.71834
0.143072
0.143072
0.598284
0.598284
0.195307
0.195307
0.153526
0.153526
0.105761
0.105761
0.268134
0.268134
0.788235
0.788235
0.170709
0.170709
0.419006
0.419006
0.473013
0.473013
0.0983109
0.0983109
0.651328
0.651328
0.249987
0.249987
0.934998
0.934998
0.124662
0.124662
0.284094
0.284094
0.671885
0.671885
0.702034
0.702034
0.235798
0.235798
0.292776
0.292776
0.746771
0.746771
0.553878
0.553878
0.334596
0.334596
0.875907
0.875907
0.379123
0.379123
0.0830708
0.0830708
0.401326
0.401326
0.353468
0.353468
0.573111
0.573111
0.992156
0.992156
0.641312
0.641312
0.0266288
0.0266288
0.590591
0.590591
0.312276
0.312276
0.898919
0.898919
0.527883
0.527883
0.932145
0.932145
0.424401
0.424401
0.0133315
0.0133315
0.836483
0.836483
0.498868
0.498868
0.80684
0.80684
0.687928
0.687928
0.455967
0.455967
0.731073
0.731073
0.215153
0.215153
0.962562
0.962562
0.82579
0.82579
0.475565
0.475565
0.983012
0.983012
0.524874
0.524874
0.772289
0.772289
0.618982
0.618982
0.0479991
0.0479991
0.0574694
0.0574694
0.357929
0.357929
0.860351
0.860351
0.888513
0.888513
0.713135
0.713135
0.147946
0.147946
0.605972
0.605972
0.199631
0.199631
0.158711
0.158711
0.117617
0.117617
0.26252
0.26252
0.793226
0.793226
0.176123
0.176123
0.409151
0.409151
0.466567
0.466567
0.0963438
0.0963438
0.644107
0.644107
0.246486
0.246486
0.934034
0.934034
0.128221
0.128221
0.280423
0.280423
0.661343
0.661343
0.702881
0.702881
0.229337
0.229337
0.299534
0.299534
0.751854
0.751854
0.549857
0.549857
0.325764
0.325764
0.872153
0.872153
0.387469
0.387469
0.0769261
0.0769261
0.397431
0.397431
0.354072
0.354072
0.567536
0.567536
0.998617
0.998617
0.635571
0.635571
0.0337133
0.0337133
0.584636
0.584636
0.305226
0.305226
0.89925
0.89925
0.535571
0.535571
0.926044
0.926044
0.424703
0.424703
0.00304802
0.00304802
0.840271
0.840271
0.491613
0.491613
0.799872
0.799872
0.683366
0.683366
0.449593
0.449593
0.733653
0.733653
0.210903
0.210903
0.952254
0.952254
0.81596
0.81596
0.480711
0.480711
0.97694
0.97694
0.517258
0.517258
0.779388
0.779388
0.623379
0.623379
0.0422731
0.0422731
0.0566514
0.0566514
0.360358
0.360358
0.856855
0.856855
0.889356
0.889356
0.71853
0.71853
0.13923
0.13923
0.602491
0.602491
0.196997
0.196997
0.166979
0.166979
0.103755
0.103755
0.270802
0.270802
0.791347
0.791347
0.175349
0.175349
0.41698
0.41698
0.473349
0.473349
0.0924681
0.0924681
0.658237
0.658237
0.242892
0.242892
0.936537
0.936537
0.135364
0.135364
0.276669
0.276669
0.670984
0.670984
0.696546
0.696546
0.236085
0.236085
0.300021
0.300021
0.760311
0.760311
0.554847
0.554847
0.338379
0.338379
0.877013
0.877013
0.387912
0.387912
0.083324
0.083324
0.402402
0.402402
0.351263
0.351263
0.57577
0.57577
0.990364
0.990364
0.640825
0.640825
0.0277633
0.0277633
0.589856
0.589856
0.319434
0.319434
0.904494
0.904494
0.528681
0.528681
0.915819
0.915819
0.43002
0.43002
0.00700656
0.00700656
0.847316
0.847316
0.505865
0.505865
0.799449
0.799449
0.693367
0.693367
0.456337
0.456337
0.7401
0.7401
0.215957
0.215957
0.9563
0.9563
0.823731
0.823731
0.489164
0.489164
0.966443
0.966443
0.521504
0.521504
0.773511
0.773511
0.620662
0.620662
0.0475122
0.0475122
0.0605369
0.0605369
0.36923
0.36923
0.853106
0.853106
0.882865
0.882865
0.717615
0.717615
0.151754
0.151754
0.598679
0.598679
0.187069
0.187069
0.167524
0.167524
0.106481
0.106481
0.263075
0.263075
0.787242
0.787242
0.179035
0.179035
0.410066
0.410066
0.464872
0.464872
0.0971911
0.0971911
0.652589
0.652589
0.252056
0.252056
0.945491
0.945491
0.129332
0.129332
0.285974
0.285974
0.666207
0.666207
0.706007
0.706007
0.227701
0.227701
0.292011
0.292011
0.760794
0.760794
0.545966
0.545966
0.335847
0.335847
0.868063
0.868063
0.0615594
0.0615594
0.363051
0.363051
0.853992
0.853992
0.885465
0.885465
0.728624
0.728624
0.143705
0.143705
0.59954
0.59954
0.192605
0.192605
0.155079
0.155079
0.113609
0.113609
0.264725
0.264725
0.783332
0.783332
0.180267
0.180267
0.408537
0.408537
0.471884
0.471884
0.10094
0.10094
0.655637
0.655637
0.238661
0.238661
0.939264
0.939264
0.128504
0.128504
0.272511
0.272511
0.670195
0.670195
0.710798
0.710798
0.234537
0.234537
0.301058
0.301058
0.748207
0.748207
0.55643
0.55643
0.338637
0.338637
0.878435
0.878435
0.383038
0.383038
0.0818925
0.0818925
0.403873
0.403873
0.342396
0.342396
0.569898
0.569898
0.991562
0.991562
0.639579
0.639579
0.0222808
0.0222808
0.588639
0.588639
0.316605
0.316605
0.910419
0.910419
0.529806
0.529806
0.930538
0.930538
0.436067
0.436067
0.0109894
0.0109894
0.84049
0.84049
0.503036
0.503036
0.809825
0.809825
0.685343
0.685343
0.454759
0.454759
0.733916
0.733916
0.217233
0.217233
0.960317
0.960317
0.815429
0.815429
0.477094
0.477094
0.981361
0.981361
0.509458
0.509458
0.767907
0.767907
0.616339
0.616339
0.0464507
0.0464507
0.0512029
0.0512029
0.363908
0.363908
0.848675
0.848675
0.89719
0.89719
0.722537
0.722537
0.152007
0.152007
0.594491
0.594491
0.201033
0.201033
0.162845
0.162845
0.105678
0.105678
0.254973
0.254973
0.795987
0.795987
0.169842
0.169842
0.411337
0.411337
0.466099
0.466099
0.0987199
0.0987199
0.651741
0.651741
0.243915
0.243915
0.940067
0.940067
0.12399
0.12399
0.277813
0.277813
0.676569
0.676569
0.696955
0.696955
0.228714
0.228714
0.297353
0.297353
0.755895
0.755895
0.550465
0.550465
0.330667
0.330667
0.872709
0.872709
0.376236
0.376236
0.07641
0.07641
0.398045
0.398045
0.341797
0.341797
0.560052
0.560052
0.99666
0.99666
0.630697
0.630697
0.0323305
0.0323305
0.579918
0.579918
0.312578
0.312578
0.900837
0.900837
0.538672
0.538672
0.924233
0.924233
0.426129
0.426129
0.00425555
0.00425555
0.835806
0.835806
0.499209
0.499209
0.799644
0.799644
0.67799
0.67799
0.449043
0.449043
0.741532
0.741532
0.211453
0.211453
0.953291
0.953291
0.818005
0.818005
0.484641
0.484641
0.97529
0.97529
0.51461
0.51461
0.77821
0.77821
0.624626
0.624626
0.0373992
0.0373992
0.0606294
0.0606294
0.3575
0.3575
0.85407
0.85407
0.883581
0.883581
0.712298
0.712298
0.144304
0.144304
0.599979
0.599979
0.201618
0.201618
0.155712
0.155712
0.106788
0.106788
0.255362
0.255362
0.793455
0.793455
0.179298
0.179298
0.420014
0.420014
0.471158
0.471158
0.0929939
0.0929939
0.656615
0.656615
0.243199
0.243199
0.933645
0.933645
0.133928
0.133928
0.277039
0.277039
0.668204
0.668204
0.69958
0.69958
0.234089
0.234089
0.293706
0.293706
0.749195
0.749195
0.558957
0.558957
0.335132
0.335132
0.880942
0.880942
0.375744
0.375744
0.0814932
0.0814932
0.406449
0.406449
0.340887
0.340887
0.560296
0.560296
0.994634
0.994634
0.643352
0.643352
0.0260689
0.0260689
0.592568
0.592568
0.317696
0.317696
0.908472
0.908472
0.528569
0.528569
0.930972
0.930972
0.434012
0.434012
0.0159802
0.0159802
0.846012
0.846012
0.504005
0.504005
0.803524
0.803524
0.692101
0.692101
0.454302
0.454302
0.738123
0.738123
0.219964
0.219964
0.965118
0.965118
0.826828
0.826828
0.477955
0.477955
0.981814
0.981814
0.522936
0.522936
0.771671
0.771671
0.625186
0.625186
0.0502486
0.0502486
0.0560427
0.0560427
0.367126
0.367126
0.853408
0.853408
0.886181
0.886181
0.721656
0.721656
0.148603
0.148603
0.599073
0.599073
0.198779
0.198779
0.155274
0.155274
0.114496
0.114496
0.260421
0.260421
0.787705
0.787705
0.174765
0.174765
0.409755
0.409755
0.469152
0.469152
0.101227
0.101227
0.647759
0.647759
0.246866
0.246866
0.943315
0.943315
0.127632
0.127632
0.280691
0.280691
0.661241
0.661241
0.706192
0.706192
0.232049
0.232049
0.302928
0.302928
0.748572
0.748572
0.551006
0.551006
0.332444
0.332444
0.87304
0.87304
0.374693
0.374693
0.0794336
0.0794336
0.398668
0.398668
0.343545
0.343545
0.56553
0.56553
0.990681
0.990681
0.641088
0.641088
0.0326421
0.0326421
0.590236
0.590236
0.308615
0.308615
0.901616
0.901616
0.532377
0.532377
0.922719
0.922719
0.426903
0.426903
0.00202552
0.00202552
0.839555
0.839555
0.495197
0.495197
0.804527
0.804527
0.686541
0.686541
0.452218
0.452218
0.734325
0.734325
0.212096
0.212096
0.951178
0.951178
0.816656
0.816656
0.477196
0.477196
0.750164
0.750164
0.552846
0.552846
0.322925
0.322925
0.874856
0.874856
0.38612
0.38612
0.080237
0.080237
0.400172
0.400172
0.341866
0.341866
0.574465
0.574465
0.986557
0.986557
0.643605
0.643605
0.0170222
0.0170222
0.592738
0.592738
0.318927
0.318927
0.900301
0.900301
0.527138
0.527138
0.929516
0.929516
0.425681
0.425681
0.0114569
0.0114569
0.837832
0.837832
0.505378
0.505378
0.80757
0.80757
0.689652
0.689652
0.453172
0.453172
0.735304
0.735304
0.213926
0.213926
0.960356
0.960356
0.82153
0.82153
0.479017
0.479017
0.980339
0.980339
0.510899
0.510899
0.762882
0.762882
0.620253
0.620253
0.0503313
0.0503313
0.0665793
0.0665793
0.358206
0.358206
0.858359
0.858359
0.885285
0.885285
0.720862
0.720862
0.136689
0.136689
0.604069
0.604069
0.189674
0.189674
0.165903
0.165903
0.116502
0.116502
0.266512
0.266512
0.792686
0.792686
0.185277
0.185277
0.408401
0.408401
0.461123
0.461123
0.0951168
0.0951168
0.652185
0.652185
0.237756
0.237756
0.934438
0.934438
0.118673
0.118673
0.27162
0.27162
0.674655
0.674655
0.699823
0.699823
0.223942
0.223942
0.294981
0.294981
0.759255
0.759255
0.542947
0.542947
0.328252
0.328252
0.865088
0.865088
0.375895
0.375895
0.0713364
0.0713364
0.390498
0.390498
0.346033
0.346033
0.57167
0.57167
0.999153
0.999153
0.635742
0.635742
0.0310597
0.0310597
0.585128
0.585128
0.313396
0.313396
0.902819
0.902819
0.536598
0.536598
0.923702
0.923702
0.428062
0.428062
0.0119292
0.0119292
0.830694
0.830694
0.499744
0.499744
0.800749
0.800749
0.685435
0.685435
0.444237
0.444237
0.730011
0.730011
0.204023
0.204023
0.961018
0.961018
0.815205
0.815205
0.487913
0.487913
0.97455
0.97455
0.518719
0.518719
0.777051
0.777051
0.613558
0.613558
0.0425457
0.0425457
0.0581949
0.0581949
0.360621
0.360621
0.847789
0.847789
0.886318
0.886318
0.727538
0.727538
0.14183
0.14183
0.593736
0.593736
0.189119
0.189119
0.155459
0.155459
0.108161
0.108161
0.256565
0.256565
0.790134
0.790134
0.176751
0.176751
0.417886
0.417886
0.473861
0.473861
0.0854274
0.0854274
0.660589
0.660589
0.247143
0.247143
0.937014
0.937014
0.132925
0.132925
0.281153
0.281153
0.672576
0.672576
0.707692
0.707692
0.236577
0.236577
0.294144
0.294144
0.748699
0.748699
0.543313
0.543313
0.33649
0.33649
0.865483
0.865483
0.380044
0.380044
0.0840982
0.0840982
0.390799
0.390799
0.346812
0.346812
0.56163
0.56163
0.997122
0.997122
0.640114
0.640114
0.0254262
0.0254262
0.589476
0.589476
0.321562
0.321562
0.911778
0.911778
0.529655
0.529655
0.928927
0.928927
0.436943
0.436943
0.00378812
0.00378812
0.844663
0.844663
0.508168
0.508168
0.812537
0.812537
0.690557
0.690557
0.456804
0.456804
0.735547
0.735547
0.204344
0.204344
0.953145
0.953145
0.824481
0.824481
0.477697
0.477697
0.979813
0.979813
0.511888
0.511888
0.771057
0.771057
0.613008
0.613008
0.0469717
0.0469717
0.051125
0.051125
0.36716
0.36716
0.857483
0.857483
0.894142
0.894142
0.719076
0.719076
0.150049
0.150049
0.603119
0.603119
0.188306
0.188306
0.159534
0.159534
0.102863
0.102863
0.264516
0.264516
0.780425
0.780425
0.169706
0.169706
0.410865
0.410865
0.471553
0.471553
0.0857975
0.0857975
0.652686
0.652686
0.242722
0.242722
0.943685
0.943685
0.127004
0.127004
0.276372
0.276372
0.668525
0.668525
0.704337
0.704337
0.234333
0.234333
0.29763
0.29763
0.752906
0.752906
0.548537
0.548537
0.336996
0.336996
0.870488
0.870488
0.380779
0.380779
0.0816831
0.0816831
0.395927
0.395927
0.340507
0.340507
0.569386
0.569386
0.991323
0.991323
0.637592
0.637592
0.0307091
0.0307091
0.586633
0.586633
0.313985
0.313985
0.90127
0.90127
0.541487
0.541487
0.926877
0.926877
0.426655
0.426655
0.00507842
0.00507842
0.838839
0.838839
0.500348
0.500348
0.79865
0.79865
0.681662
0.681662
0.45475
0.45475
0.734695
0.734695
0.209656
0.209656
0.954255
0.954255
0.817791
0.817791
0.481524
0.481524
0.97771
0.97771
0.511328
0.511328
0.776413
0.776413
0.611966
0.611966
0.0444982
0.0444982
0.0652014
0.0652014
0.367793
0.367793
0.852901
0.852901
0.890563
0.890563
0.711884
0.711884
0.15077
0.15077
0.598489
0.598489
0.190784
0.190784
0.160464
0.160464
0.108302
0.108302
0.257636
0.257636
0.780659
0.780659
0.183821
0.183821
0.422697
0.422697
0.46587
0.46587
0.0907883
0.0907883
0.657253
0.657253
0.252728
0.252728
0.944035
0.944035
0.13236
0.13236
0.958467
0.958467
0.81578
0.81578
0.47612
0.47612
0.978547
0.978547
0.513047
0.513047
0.770298
0.770298
0.623477
0.623477
0.0348137
0.0348137
0.0645197
0.0645197
0.360908
0.360908
0.856573
0.856573
0.896129
0.896129
0.720444
0.720444
0.138174
0.138174
0.602282
0.602282
0.18945
0.18945
0.163546
0.163546
0.111306
0.111306
0.255966
0.255966
0.794273
0.794273
0.183037
0.183037
0.41143
0.41143
0.466352
0.466352
0.0998447
0.0998447
0.644881
0.644881
0.253025
0.253025
0.93734
0.93734
0.126279
0.126279
0.286763
0.286763
0.677148
0.677148
0.701493
0.701493
0.229108
0.229108
0.288472
0.288472
0.756811
0.756811
0.554492
0.554492
0.332191
0.332191
0.876594
0.876594
0.377186
0.377186
0.076483
0.076483
0.40211
0.40211
0.354803
0.354803
0.561051
0.561051
0.996222
0.996222
0.633371
0.633371
0.0295697
0.0295697
0.582552
0.582552
0.305849
0.305849
0.899917
0.899917
0.536837
0.536837
0.918916
0.918916
0.425321
0.425321
0.00552637
0.00552637
0.838007
0.838007
0.492285
0.492285
0.808564
0.808564
0.686141
0.686141
0.449345
0.449345
0.739477
0.739477
0.215733
0.215733
0.954844
0.954844
0.81838
0.81838
0.48558
0.48558
0.969817
0.969817
0.521972
0.521972
0.775216
0.775216
0.613179
0.613179
0.040009
0.040009
0.0624553
0.0624553
0.368733
0.368733
0.863043
0.863043
0.887817
0.887817
0.725566
0.725566
0.145843
0.145843
0.608738
0.608738
0.193384
0.193384
0.156842
0.156842
0.118493
0.118493
0.258634
0.258634
0.794745
0.794745
0.18106
0.18106
0.418159
0.418159
0.470774
0.470774
0.0968405
0.0968405
0.645056
0.645056
0.244548
0.244548
0.945004
0.945004
0.13107
0.13107
0.278495
0.278495
0.674942
0.674942
0.696162
0.696162
0.233446
0.233446
0.29803
0.29803
0.749785
0.749785
0.544827
0.544827
0.325321
0.325321
0.866729
0.866729
0.388939
0.388939
0.0807531
0.0807531
0.392387
0.392387
0.341023
0.341023
0.563646
0.563646
0.993466
0.993466
0.641765
0.641765
0.0206253
0.0206253
0.59081
0.59081
0.305976
0.305976
0.909324
0.909324
0.537382
0.537382
0.931468
0.931468
0.434835
0.434835
0.0146753
0.0146753
0.84291
0.84291
0.492402
0.492402
0.800481
0.800481
0.694599
0.694599
0.453712
0.453712
0.729189
0.729189
0.205693
0.205693
0.96393
0.96393
0.824826
0.824826
0.478661
0.478661
0.982355
0.982355
0.511523
0.511523
0.766407
0.766407
0.617113
0.617113
0.048486
0.048486
0.0583361
0.0583361
0.36514
0.36514
0.854878
0.854878
0.882675
0.882675
0.723399
0.723399
0.138787
0.138787
0.600675
0.600675
0.19427
0.19427
0.168425
0.168425
0.112392
0.112392
0.267564
0.267564
0.791882
0.791882
0.17718
0.17718
0.418577
0.418577
0.467998
0.467998
0.0872631
0.0872631
0.65013
0.65013
0.237502
0.237502
0.94145
0.94145
0.122296
0.122296
0.271186
0.271186
0.669216
0.669216
0.701805
0.701805
0.230803
0.230803
0.293419
0.293419
0.761821
0.761821
0.552608
0.552608
0.324785
0.324785
0.874603
0.874603
0.375111
0.375111
0.0783284
0.0783284
0.400124
0.400124
0.343764
0.343764
0.572644
0.572644
0.98384
0.98384
0.642096
0.642096
0.0330803
0.0330803
0.591287
0.591287
0.311137
0.311137
0.902478
0.902478
0.529329
0.529329
0.929082
0.929082
0.42778
0.42778
0.00656834
0.00656834
0.83418
0.83418
0.497777
0.497777
0.801679
0.801679
0.686779
0.686779
0.451249
0.451249
0.738854
0.738854
0.213556
0.213556
0.955745
0.955745
0.82561
0.82561
0.490401
0.490401
0.979901
0.979901
0.515374
0.515374
0.779048
0.779048
0.618077
0.618077
0.0489631
0.0489631
0.0633804
0.0633804
0.361644
0.361644
0.847467
0.847467
0.887983
0.887983
0.719494
0.719494
0.138208
0.138208
0.593313
0.593313
0.187931
0.187931
0.154607
0.154607
0.102221
0.102221
0.257154
0.257154
0.782183
0.782183
0.182107
0.182107
0.410709
0.410709
0.458275
0.458275
0.0950146
0.0950146
0.658509
0.658509
0.251472
0.251472
0.937774
0.937774
0.134809
0.134809
0.285497
0.285497
0.67744
0.67744
0.70087
0.70087
0.221108
0.221108
0.303546
0.303546
0.748046
0.748046
0.545786
0.545786
0.32402
0.32402
0.86765
0.86765
0.377531
0.377531
0.0685611
0.0685611
0.393064
0.393064
0.350396
0.350396
0.562331
0.562331
0.984166
0.984166
0.639277
0.639277
0.0308844
0.0308844
0.5884
0.5884
0.319531
0.319531
0.914358
0.914358
0.530312
0.530312
0.923429
0.923429
0.439802
0.439802
0.00120265
0.00120265
0.846645
0.846645
0.250897
0.250897
0.938723
0.938723
0.126824
0.126824
0.284898
0.284898
0.674017
0.674017
0.711582
0.711582
0.226523
0.226523
0.303712
0.303712
0.756976
0.756976
0.544369
0.544369
0.335375
0.335375
0.866374
0.866374
0.384811
0.384811
0.0739121
0.0739121
0.391773
0.391773
0.342976
0.342976
0.567273
0.567273
0.997551
0.997551
0.637441
0.637441
0.0335916
0.0335916
0.586525
0.586525
0.317321
0.317321
0.903179
0.903179
0.534617
0.534617
0.923936
0.923936
0.428505
0.428505
0.00585259
0.00585259
0.838688
0.838688
0.503708
0.503708
0.802292
0.802292
0.678808
0.678808
0.446944
0.446944
0.737826
0.737826
0.205308
0.205308
0.955122
0.955122
0.826457
0.826457
0.485921
0.485921
0.974939
0.974939
0.519518
0.519518
0.77916
0.77916
0.614225
0.614225
0.0442012
0.0442012
0.0648654
0.0648654
0.357325
0.357325
0.861037
0.861037
0.898032
0.898032
0.728147
0.728147
0.149056
0.149056
0.607
0.607
0.202392
0.202392
0.164574
0.164574
0.11694
0.11694
0.255761
0.255761
0.782456
0.782456
0.183456
0.183456
0.416172
0.416172
0.472268
0.472268
0.0865911
0.0865911
0.646614
0.646614
0.248979
0.248979
0.933601
0.933601
0.135092
0.135092
0.282926
0.282926
0.671412
0.671412
0.705739
0.705739
0.23498
0.23498
0.295361
0.295361
0.757741
0.757741
0.546843
0.546843
0.324975
0.324975
0.868881
0.868881
0.376816
0.376816
0.0823307
0.0823307
0.394266
0.394266
0.343867
0.343867
0.560802
0.560802
0.998223
0.998223
0.630386
0.630386
0.0256696
0.0256696
0.579607
0.579607
0.307393
0.307393
0.909743
0.909743
0.531086
0.531086
0.928406
0.928406
0.435137
0.435137
0.00955794
0.00955794
0.847146
0.847146
0.494009
0.494009
0.811295
0.811295
0.679096
0.679096
0.455197
0.455197
0.744375
0.744375
0.207918
0.207918
0.958818
0.958818
0.822869
0.822869
0.486393
0.486393
0.979044
0.979044
0.512608
0.512608
0.771496
0.771496
0.626208
0.626208
0.0371508
0.0371508
0.0591151
0.0591151
0.362822
0.362822
0.859031
0.859031
0.892194
0.892194
0.725834
0.725834
0.138563
0.138563
0.60495
0.60495
0.18871
0.18871
0.156345
0.156345
0.110795
0.110795
0.265227
0.265227
0.781477
0.781477
0.177691
0.177691
0.412379
0.412379
0.472702
0.472702
0.0890841
0.0890841
0.654147
0.654147
0.244981
0.244981
0.938971
0.938971
0.127545
0.127545
0.278831
0.278831
0.661835
0.661835
0.69531
0.69531
0.235418
0.235418
0.288335
0.288335
0.749765
0.749765
0.555685
0.555685
0.328943
0.328943
0.87766
0.87766
0.377862
0.377862
0.082876
0.082876
0.40324
0.40324
0.351725
0.351725
0.570248
0.570248
0.995194
0.995194
0.629772
0.629772
0.029969
0.029969
0.578857
0.578857
0.315271
0.315271
0.910346
0.910346
0.540235
0.540235
0.925723
0.925723
0.435614
0.435614
0.0167057
0.0167057
0.839331
0.839331
0.501692
0.501692
0.803008
0.803008
0.68414
0.68414
0.455899
0.455899
0.736
0.736
0.216619
0.216619
0.96597
0.96597
0.819198
0.819198
0.478476
0.478476
0.976707
0.976707
0.524479
0.524479
0.775922
0.775922
0.612302
0.612302
0.0365519
0.0365519
0.067412
0.067412
0.361955
0.361955
0.855199
0.855199
0.881789
0.881789
0.720191
0.720191
0.142673
0.142673
0.600865
0.600865
0.191149
0.191149
0.157553
0.157553
0.117461
0.117461
0.258395
0.258395
0.784194
0.784194
0.186095
0.186095
0.421543
0.421543
0.469717
0.469717
0.0982184
0.0982184
0.647252
0.647252
0.249831
0.249831
0.938071
0.938071
0.131625
0.131625
0.283715
0.283715
0.661986
0.661986
0.704814
0.704814
0.232633
0.232633
0.302309
0.302309
0.750846
0.750846
0.545431
0.545431
0.329893
0.329893
0.867396
0.867396
0.385619
0.385619
0.0800082
0.0800082
0.392927
0.392927
0.348195
0.348195
0.563529
0.563529
0.985349
0.985349
0.62893
0.62893
0.0274858
0.0274858
0.578024
0.578024
0.308264
0.308264
0.902249
0.902249
0.531919
0.531919
0.915912
0.915912
0.427692
0.427692
0.0106778
0.0106778
0.843597
0.843597
0.494685
0.494685
0.797876
0.797876
0.69252
0.69252
0.452904
0.452904
0.728828
0.728828
0.206477
0.206477
0.959796
0.959796
0.828376
0.828376
0.479518
0.479518
0.966813
0.966813
0.510763
0.510763
0.773078
0.773078
0.614819
0.614819
0.0358118
0.0358118
0.0595777
0.0595777
0.365612
0.365612
0.860049
0.860049
0.891357
0.891357
0.728419
0.728419
0.143418
0.143418
0.605646
0.605646
0.19782
0.19782
0.165431
0.165431
0.109076
0.109076
0.270237
0.270237
0.436457
0.436457
0.009816
0.009816
0.831151
0.831151
0.493502
0.493502
0.802599
0.802599
0.690139
0.690139
0.450942
0.450942
0.737281
0.737281
0.211273
0.211273
0.959076
0.959076
0.814889
0.814889
0.483803
0.483803
0.972349
0.972349
0.519805
0.519805
0.763803
0.763803
0.622162
0.622162
0.047147
0.047147
0.0613792
0.0613792
0.366566
0.366566
0.86356
0.86356
0.896669
0.896669
0.724884
0.724884
0.146763
0.146763
0.609317
0.609317
0.190433
0.190433
0.158283
0.158283
0.115869
0.115869
0.258892
0.258892
0.786741
0.786741
0.179858
0.179858
0.413402
0.413402
0.46088
0.46088
0.0927359
0.0927359
0.648635
0.648635
0.251345
0.251345
0.942935
0.942935
0.119511
0.119511
0.285024
0.285024
0.676204
0.676204
0.704006
0.704006
0.223781
0.223781
0.299778
0.299778
0.751411
0.751411
0.543897
0.543897
0.326324
0.326324
0.866072
0.866072
0.387761
0.387761
0.0710735
0.0710735
0.391437
0.391437
0.345303
0.345303
0.564055
0.564055
0.98568
0.98568
0.629996
0.629996
0.023016
0.023016
0.579241
0.579241
0.309535
0.309535
0.907668
0.907668
0.531345
0.531345
0.929652
0.929652
0.433082
0.433082
0.00524396
0.00524396
0.831443
0.831443
0.496029
0.496029
0.806275
0.806275
0.680381
0.680381
0.443887
0.443887
0.74253
0.74253
0.204914
0.204914
0.954338
0.954338
0.820191
0.820191
0.480283
0.480283
0.980573
0.980573
0.520316
0.520316
0.768988
0.768988
0.614104
0.614104
0.0369804
0.0369804
0.0515583
0.0515583
0.356336
0.356336
0.861422
0.861422
0.890266
0.890266
0.722484
0.722484
0.139649
0.139649
0.607048
0.607048
0.191558
0.191558
0.167257
0.167257
0.110123
0.110123
0.265577
0.265577
0.787495
0.787495
0.170329
0.170329
0.412584
0.412584
0.460407
0.460407
0.086187
0.086187
0.657317
0.657317
0.24541
0.24541
0.932724
0.932724
0.124784
0.124784
0.279279
0.279279
0.673365
0.673365
0.710608
0.710608
0.223109
0.223109
0.295775
0.295775
0.760677
0.760677
0.553387
0.553387
0.337951
0.337951
0.875343
0.875343
0.379382
0.379382
0.0703869
0.0703869
0.401005
0.401005
0.340195
0.340195
0.570535
0.570535
0.984906
0.984906
0.634179
0.634179
0.0313372
0.0313372
0.583297
0.583297
0.318441
0.318441
0.903982
0.903982
0.535118
0.535118
0.9303
0.9303
0.429236
0.429236
0.0153813
0.0153813
0.836736
0.836736
0.504974
0.504974
0.813404
0.813404
0.688099
0.688099
0.443448
0.443448
0.740441
0.740441
0.214399
0.214399
0.964622
0.964622
0.81947
0.81947
0.489422
0.489422
0.981249
0.981249
0.51235
0.51235
0.777217
0.777217
0.615199
0.615199
0.0409487
0.0409487
0.051831
0.051831
0.365821
0.365821
0.85575
0.85575
0.897093
0.897093
0.712463
0.712463
0.151534
0.151534
0.601542
0.601542
0.199144
0.199144
0.158906
0.158906
0.115426
0.115426
0.266254
0.266254
0.781326
0.781326
0.170568
0.170568
0.416308
0.416308
0.459453
0.459453
0.095706
0.095706
0.647135
0.647135
0.25377
0.25377
0.942044
0.942044
0.133071
0.133071
0.287576
0.287576
0.663398
0.663398
0.702102
0.702102
0.222233
0.222233
0.300644
0.300644
0.752297
0.752297
0.546663
0.546663
0.324327
0.324327
0.868546
0.868546
0.374313
0.374313
0.0697442
0.0697442
0.39394
0.39394
0.345756
0.345756
0.571222
0.571222
0.987457
0.987457
0.634943
0.634943
0.0321503
0.0321503
0.584047
0.584047
0.308089
0.308089
0.913068
0.913068
0.5421
0.5421
0.927592
0.927592
0.43839
0.43839
0.00900287
0.00900287
0.84494
0.84494
0.494466
0.494466
0.807395
0.807395
0.68135
0.68135
0.442674
0.442674
0.736516
0.736516
0.207465
0.207465
0.958175
0.958175
0.823195
0.823195
0.481033
0.481033
0.978211
0.978211
0.513582
0.513582
0.777723
0.777723
0.623019
0.623019
0.0418738
0.0418738
0.0569971
0.0569971
0.361308
0.361308
0.863905
0.863905
0.888577
0.888577
0.712829
0.712829
0.137784
0.137784
0.609741
0.609741
0.195721
0.195721
0.153896
0.153896
0.113196
0.113196
0.258108
0.258108
0.790758
0.790758
0.175758
0.175758
0.423495
0.423495
0.462189
0.462189
0.0887871
0.0887871
0.651211
0.651211
0.246174
0.246174
0.937496
0.937496
0.133602
0.133602
0.280077
0.280077
0.671349
0.671349
0.695193
0.695193
0.224901
0.224901
0.291826
0.291826
0.747131
0.747131
0.558436
0.558436
0.326796
0.326796
0.880475
0.880475
0.379766
0.379766
0.0722956
0.0722956
0.405913
0.405913
0.344738
0.344738
0.5631
0.5631
0.996533
0.996533
0.628735
0.628735
0.158405
0.158405
0.114315
0.114315
0.267028
0.267028
0.795705
0.795705
0.184498
0.184498
0.407164
0.407164
0.46069
0.46069
0.0869904
0.0869904
0.645577
0.645577
0.247713
0.247713
0.94127
0.94127
0.121001
0.121001
0.281562
0.281562
0.663822
0.663822
0.703383
0.703383
0.223241
0.223241
0.302193
0.302193
0.751601
0.751601
0.547086
0.547086
0.33389
0.33389
0.86914
0.86914
0.382366
0.382366
0.0708836
0.0708836
0.394519
0.394519
0.355869
0.355869
0.572176
0.572176
0.99015
0.99015
0.631321
0.631321
0.0272569
0.0272569
0.5804
0.5804
0.306623
0.306623
0.905093
0.905093
0.535366
0.535366
0.918667
0.918667
0.430511
0.430511
8.76429e-05
8.76429e-05
0.832972
0.832972
0.493181
0.493181
0.801874
0.801874
0.682353
0.682353
0.443599
0.443599
0.745183
0.745183
0.20802
0.20802
0.949333
0.949333
0.814056
0.814056
0.480356
0.480356
0.969344
0.969344
0.514064
0.514064
0.772932
0.772932
0.625079
0.625079
0.037998
0.037998
0.0630298
0.0630298
0.371494
0.371494
0.858028
0.858028
0.889955
0.889955
0.726988
0.726988
0.147581
0.147581
0.603596
0.603596
0.192858
0.192858
0.162232
0.162232
0.105322
0.105322
0.263557
0.263557
0.781789
0.781789
0.18183
0.18183
0.416669
0.416669
0.464712
0.464712
0.0895953
0.0895953
0.655247
0.655247
0.237999
0.237999
0.94795
0.94795
0.12885
0.12885
0.271771
0.271771
0.662784
0.662784
0.708627
0.708627
0.227492
0.227492
0.296345
0.296345
0.755257
0.755257
0.55382
0.55382
0.326022
0.326022
0.875825
0.875825
0.38968
0.38968
0.0748421
0.0748421
0.401302
0.401302
0.349817
0.349817
0.5687
0.5687
0.990856
0.990856
0.643157
0.643157
0.0202601
0.0202601
0.592261
0.592261
0.31624
0.31624
0.904206
0.904206
0.530765
0.530765
0.917893
0.917893
0.429586
0.429586
0.014091
0.014091
0.840592
0.840592
0.502588
0.502588
0.811875
0.811875
0.691181
0.691181
0.447753
0.447753
0.742856
0.742856
0.214759
0.214759
0.963399
0.963399
0.823327
0.823327
0.484246
0.484246
0.968882
0.968882
0.523315
0.523315
0.766047
0.766047
0.616718
0.616718
0.0498298
0.0498298
0.0532771
0.0532771
0.363299
0.363299
0.848295
0.848295
0.895067
0.895067
0.724125
0.724125
0.139576
0.139576
0.593887
0.593887
0.187595
0.187595
0.169287
0.169287
0.117836
0.117836
0.259851
0.259851
0.784418
0.784418
0.171902
0.171902
0.412038
0.412038
0.465603
0.465603
0.0959592
0.0959592
0.648226
0.648226
0.23833
0.23833
0.939517
0.939517
0.121819
0.121819
0.272306
0.272306
0.665419
0.665419
0.706416
0.706416
0.22829
0.22829
0.304739
0.304739
0.762571
0.762571
0.554258
0.554258
0.326961
0.326961
0.876385
0.876385
0.383715
0.383715
0.0758111
0.0758111
0.401833
0.401833
0.339397
0.339397
0.564975
0.564975
0.984667
0.984667
0.629319
0.629319
0.0198024
0.0198024
0.578292
0.578292
0.309223
0.309223
0.908058
0.908058
0.540737
0.540737
0.917187
0.917187
0.433452
0.433452
0.00840398
0.00840398
0.833673
0.833673
0.495577
0.495577
0.805681
0.805681
0.680888
0.680888
0.44858
0.44858
0.737067
0.737067
0.215431
0.215431
0.957751
0.957751
0.818945
0.818945
0.491394
0.491394
0.967952
0.967952
0.514946
0.514946
0.765443
0.765443
0.611489
0.611489
0.0359141
0.0359141
0.0610676
0.0610676
0.356127
0.356127
0.84848
0.84848
0.893115
0.893115
0.714353
0.714353
0.140526
0.140526
0.594102
0.594102
0.193287
0.193287
0.163249
0.163249
0.115669
0.115669
0.268898
0.268898
0.790884
0.790884
0.17957
0.17957
0.422093
0.422093
0.459175
0.459175
0.096524
0.096524
0.65996
0.65996
0.243428
0.243428
0.932398
0.932398
0.121439
0.121439
0.277278
0.277278
0.674387
0.674387
0.702618
0.702618
0.221844
0.221844
0.296914
0.296914
0.75645
0.75645
0.546161
0.546161
0.334805
0.334805
0.868239
0.868239
0.373188
0.373188
0.0693791
0.0693791
0.393599
0.393599
0.348838
0.348838
0.574036
0.574036
0.99406
0.99406
0.631715
0.631715
0.0187069
0.0187069
0.581072
0.581072
0.320963
0.320963
0.914977
0.914977
0.534344
0.534344
0.919783
0.919783
0.440439
0.440439
0.0136625
0.0136625
0.833328
0.833328
0.507418
0.507418
0.812381
0.812381
0.685021
0.685021
0.442295
0.442295
0.745402
0.745402
0.207236
0.207236
0.962679
0.962679
0.828829
0.828829
0.485434
0.485434
0.970489
0.970489
0.509663
0.509663
0.764513
0.764513
0.616962
0.616962
0.0386018
0.0386018
0.0541195
0.0541195
0.370111
0.370111
0.560715
0.560715
0.998987
0.998987
0.639106
0.639106
0.0303196
0.0303196
0.588264
0.588264
0.309759
0.309759
0.898636
0.898636
0.532718
0.532718
0.91819
0.91819
0.424109
0.424109
0.00752268
0.00752268
0.83493
0.83493
0.49618
0.49618
0.79661
0.79661
0.679485
0.679485
0.44487
0.44487
0.741994
0.741994
0.216298
0.216298
0.956627
0.956627
0.829291
0.829291
0.484363
0.484363
0.969033
0.969033
0.514269
0.514269
0.77618
0.77618
0.619664
0.619664
0.0457544
0.0457544
0.052761
0.052761
0.369604
0.369604
0.862522
0.862522
0.885081
0.885081
0.714572
0.714572
0.14112
0.14112
0.608344
0.608344
0.203117
0.203117
0.157864
0.157864
0.110537
0.110537
0.260908
0.260908
0.784769
0.784769
0.171376
0.171376
0.414069
0.414069
0.473539
0.473539
0.0976001
0.0976001
0.655554
0.655554
0.249359
0.249359
0.945866
0.945866
0.132039
0.132039
0.28352
0.28352
0.668812
0.668812
0.711017
0.711017
0.236256
0.236256
0.288949
0.288949
0.751036
0.751036
0.551751
0.551751
0.336792
0.336792
0.873697
0.873697
0.388321
0.388321
0.0835967
0.0835967
0.399306
0.399306
0.348078
0.348078
0.566148
0.566148
0.985149
0.985149
0.631097
0.631097
0.0200848
0.0200848
0.580108
0.580108
0.316512
0.316512
0.908194
0.908194
0.525565
0.525565
0.922256
0.922256
0.433594
0.433594
0.0125816
0.0125816
0.843923
0.843923
0.502792
0.502792
0.810716
0.810716
0.689063
0.689063
0.45661
0.45661
0.739219
0.739219
0.21269
0.21269
0.961715
0.961715
0.820775
0.820775
0.479854
0.479854
0.973094
0.973094
0.51814
0.51814
0.765633
0.765633
0.626939
0.626939
0.0378422
0.0378422
0.0553075
0.0553075
0.367696
0.367696
0.859572
0.859572
0.897507
0.897507
0.713647
0.713647
0.150454
0.150454
0.605456
0.605456
0.197245
0.197245
0.167856
0.167856
0.114788
0.114788
0.260085
0.260085
0.792398
0.792398
0.173854
0.173854
0.406911
0.406911
0.459789
0.459789
0.09407
0.09407
0.655973
0.655973
0.239864
0.239864
0.94387
0.94387
0.121697
0.121697
0.273538
0.273538
0.66259
0.66259
0.708724
0.708724
0.222476
0.222476
0.289178
0.289178
0.761251
0.761251
0.548031
0.548031
0.328388
0.328388
0.870006
0.870006
0.381923
0.381923
0.070051
0.070051
0.395498
0.395498
0.354535
0.354535
0.56518
0.56518
0.987808
0.987808
0.632144
0.632144
0.0239362
0.0239362
0.581165
0.581165
0.317141
0.317141
0.903496
0.903496
0.539598
0.539598
0.92302
0.92302
0.42908
0.42908
0.00347163
0.00347163
0.833435
0.833435
0.503357
0.503357
0.805126
0.805126
0.682217
0.682217
0.442908
0.442908
0.729622
0.729622
0.208975
0.208975
0.952673
0.952673
0.813764
0.813764
0.490021
0.490021
0.973921
0.973921
0.525244
0.525244
0.769864
0.769864
0.62092
0.62092
0.0387917
0.0387917
0.0642325
0.0642325
0.363567
0.363567
0.849887
0.849887
0.89533
0.89533
0.716227
0.716227
0.14203
0.14203
0.595762
0.595762
0.186996
0.186996
0.161711
0.161711
0.112212
0.112212
0.263717
0.263717
0.789102
0.789102
0.182813
0.182813
0.420958
0.420958
0.462462
0.462462
0.0903987
0.0903987
0.648036
0.648036
0.247542
0.247542
0.939858
0.939858
0.125758
0.125758
0.281392
0.281392
0.672016
0.672016
0.703173
0.703173
0.22512
0.22512
0.294198
0.294198
0.75479
0.75479
0.557287
0.557287
0.323276
0.323276
0.879111
0.879111
0.388511
0.388511
0.0726316
0.0726316
0.404603
0.404603
0.346447
0.346447
0.569002
0.569002
0.994513
0.994513
0.640012
0.640012
0.0248029
0.0248029
0.588975
0.588975
0.308868
0.308868
0.913662
0.913662
0.533813
0.533813
0.91691
0.91691
0.439096
0.439096
0.016175
0.016175
0.837671
0.837671
0.495323
0.495323
0.810258
0.810258
0.694049
0.694049
0.445518
0.445518
0.729695
0.729695
0.218299
0.218299
0.965483
0.965483
0.827826
0.827826
0.483628
0.483628
0.967645
0.967645
0.519143
0.519143
0.770527
0.770527
0.61053
0.61053
0.0466893
0.0466893
0.0538371
0.0538371
0.368373
0.368373
0.857615
0.857615
0.889409
0.889409
0.725313
0.725313
0.136981
0.136981
0.603431
0.603431
0.196296
0.196296
0.168162
0.168162
0.10243
0.10243
0.271065
0.271065
0.785353
0.785353
0.172603
0.172603
0.415193
0.415193
0.468904
0.468904
0.0996353
0.0996353
0.649088
0.649088
0.240619
0.240619
0.944624
0.944624
0.126639
0.126639
0.274381
0.274381
0.665243
0.665243
0.711538
0.711538
0.23163
0.23163
0.302752
0.302752
0.76147
0.76147
0.548722
0.548722
0.0394588
0.0394588
0.0586331
0.0586331
0.372063
0.372063
0.85017
0.85017
0.890003
0.890003
0.719037
0.719037
0.141577
0.141577
0.595811
0.595811
0.20191
0.20191
0.152757
0.152757
0.107986
0.107986
0.254792
0.254792
0.785986
0.785986
0.177496
0.177496
0.418353
0.418353
0.461532
0.461532
0.0860555
0.0860555
0.653363
0.653363
0.239104
0.239104
0.9485
0.9485
0.129794
0.129794
0.273154
0.273154
0.663213
0.663213
0.708037
0.708037
0.224239
0.224239
0.30026
0.30026
0.746016
0.746016
0.549253
0.549253
0.331563
0.331563
0.871175
0.871175
0.386972
0.386972
0.0716383
0.0716383
0.396457
0.396457
0.347592
0.347592
0.559702
0.559702
0.988134
0.988134
0.642028
0.642028
0.021083
0.021083
0.590976
0.590976
0.314497
0.314497
0.905516
0.905516
0.532932
0.532932
0.931317
0.931317
0.430979
0.430979
0.0166181
0.0166181
0.841498
0.841498
0.500869
0.500869
0.809021
0.809021
0.689408
0.689408
0.444627
0.444627
0.743903
0.743903
0.210026
0.210026
0.965722
0.965722
0.825089
0.825089
0.474713
0.474713
0.981931
0.981931
0.51368
0.51368
0.766948
0.766948
0.625512
0.625512
0.0485493
0.0485493
0.0524542
0.0524542
0.369755
0.369755
0.849332
0.849332
0.894342
0.894342
0.719801
0.719801
0.145331
0.145331
0.595037
0.595037
0.195366
0.195366
0.166643
0.166643
0.116117
0.116117
0.264019
0.264019
0.780815
0.780815
0.171006
0.171006
0.414351
0.414351
0.462594
0.462594
0.0915916
0.0915916
0.649672
0.649672
0.241641
0.241641
0.9461
0.9461
0.1227
0.1227
0.275768
0.275768
0.66572
0.66572
0.705262
0.705262
0.225398
0.225398
0.290648
0.290648
0.760063
0.760063
0.548148
0.548148
0.338808
0.338808
0.870391
0.870391
0.381344
0.381344
0.0727338
0.0727338
0.395785
0.395785
0.35265
0.35265
0.56925
0.56925
0.995973
0.995973
0.633668
0.633668
0.0328709
0.0328709
0.582659
0.582659
0.310606
0.310606
0.898558
0.898558
0.537835
0.537835
0.917338
0.917338
0.423943
0.423943
0.00881784
0.00881784
0.834623
0.834623
0.497052
0.497052
0.800223
0.800223
0.690002
0.690002
0.445776
0.445776
0.740879
0.740879
0.209325
0.209325
0.958039
0.958039
0.821145
0.821145
0.48893
0.48893
0.968142
0.968142
0.523763
0.523763
0.778522
0.778522
0.619265
0.619265
0.0403644
0.0403644
0.0619927
0.0619927
0.364224
0.364224
0.851966
0.851966
0.89181
0.89181
0.713427
0.713427
0.152474
0.152474
0.597646
0.597646
0.202182
0.202182
0.16099
0.16099
0.116726
0.116726
0.259564
0.259564
0.786487
0.786487
0.180632
0.180632
0.419274
0.419274
0.470413
0.470413
0.0907736
0.0907736
0.658889
0.658889
0.250732
0.250732
0.940325
0.940325
0.134629
0.134629
0.284528
0.284528
0.672376
0.672376
0.695558
0.695558
0.23312
0.23312
0.2984
0.2984
0.754201
0.754201
0.551926
0.551926
0.332853
0.332853
0.873887
0.873887
0.386451
0.386451
0.0804902
0.0804902
0.399471
0.399471
0.350644
0.350644
0.564771
0.564771
0.992326
0.992326
0.628526
0.628526
0.0190477
0.0190477
0.577532
0.577532
0.319945
0.319945
0.912615
0.912615
0.529134
0.529134
0.919865
0.919865
0.438034
0.438034
0.0130296
0.0130296
0.846528
0.846528
0.506254
0.506254
0.812883
0.812883
0.681803
0.681803
0.4536
0.4536
0.731321
0.731321
0.213152
0.213152
0.962182
0.962182
0.826122
0.826122
0.483063
0.483063
0.970713
0.970713
0.517531
0.517531
0.764757
0.764757
0.62576
0.62576
0.0352568
0.0352568
0.0549667
0.0549667
0.372487
0.372487
0.860701
0.860701
0.882008
0.882008
0.722956
0.722956
0.146456
0.146456
0.606537
0.606537
0.193827
0.193827
0.166181
0.166181
0.113863
0.113863
0.269609
0.269609
0.785582
0.785582
0.17365
0.17365
0.41047
0.41047
0.466839
0.466839
0.0942745
0.0942745
0.650437
0.650437
0.24039
0.24039
0.94868
0.94868
0.120684
0.120684
0.274176
0.274176
0.672878
0.672878
0.695991
0.695991
0.229814
0.229814
0.29132
0.29132
0.759411
0.759411
0.559317
0.559317
0.322574
0.322574
0.881259
0.881259
0.384387
0.384387
0.0769942
0.0769942
0.406512
0.406512
0.34652
0.34652
0.574557
0.574557
0.988563
0.988563
0.633823
0.633823
0.0215601
0.0215601
0.582903
0.582903
0.311405
0.311405
0.906836
0.906836
0.54157
0.54157
0.926716
0.926716
0.432298
0.432298
0.0104052
0.0104052
0.832719
0.832719
0.498016
0.498016
0.810682
0.810682
0.682898
0.682898
0.449915
0.449915
0.739048
0.739048
0.220324
0.220324
0.959728
0.959728
0.290069
0.290069
0.753436
0.753436
0.542884
0.542884
0.327229
0.327229
0.864811
0.864811
0.38537
0.38537
0.0824768
0.0824768
0.390191
0.390191
0.342674
0.342674
0.574879
0.574879
0.989395
0.989395
0.636789
0.636789
0.0289611
0.0289611
0.586014
0.586014
0.311736
0.311736
0.910049
0.910049
0.533691
0.533691
0.919203
0.919203
0.435283
0.435283
0.000871559
0.000871559
0.841941
0.841941
0.498405
0.498405
0.813199
0.813199
0.687388
0.687388
0.455417
0.455417
0.731399
0.731399
0.203731
0.203731
0.950019
0.950019
0.827446
0.827446
0.482089
0.482089
0.969841
0.969841
0.508611
0.508611
0.774588
0.774588
0.624528
0.624528
0.0434903
0.0434903
0.0554682
0.0554682
0.366518
0.366518
0.855316
0.855316
0.895846
0.895846
0.713929
0.713929
0.140852
0.140852
0.601064
0.601064
0.19501
0.19501
0.164934
0.164934
0.105132
0.105132
0.261682
0.261682
0.79049
0.79049
0.174273
0.174273
0.415013
0.415013
0.464113
0.464113
0.0852327
0.0852327
0.650091
0.650091
0.238919
0.238919
0.942677
0.942677
0.130515
0.130515
0.272905
0.272905
0.673667
0.673667
0.709951
0.709951
0.226781
0.226781
0.292547
0.292547
0.758203
0.758203
0.552247
0.552247
0.337498
0937
0.648985
0.705709
0.661655
0.747622
0.637139
0.687585
0.672699
0.72824
0.64461
0.713248
0.670861
0.7407
0.625102
0.696935
0.683966
0.724908
0.65575
0.707912
0.659526
0.744111
0.634149
0.694202
0.678117
0.73203
0.644209
0.717216
0.664113
0.736076
0.630424
0.700716
0.683148
0.720017
0.651253
0.703477
0.662592
0.748734
0.639262
0.690495
0.67461
0.729281
0.647786
0.712405
0.668841
0.739541
0.628306
0.698311
0.687414
0.724195
0.653312
0.71049
0.656314
0.745311
0.636638
0.692763
0.675879
0.734144
0.641377
0.715769
0.666433
0.737377
0.631607
0.701694
0.679781
0.722223
0.649803
0.706767
0.661083
0.746679
0.638045
0.688514
0.673507
0.727196
0.645825
0.714097
0.671395
0.74216
0.626303
0.695819
0.684956
0.725798
0.654659
0.708224
0.658998
0.742983
0.633767
0.695266
0.67917
0.73135
0.643429
0.718604
0.665983
0.734797
0.629299
0.700182
0.682301
0.718775
0.651397
0.704691
0.663864
0.74917
0.639804
0.689945
0.675208
0.73003
0.647297
0.71173
0.66948
0.739214
0.627691
0.698136
0.686497
0.723147
0.65424
0.709727
0.657608
0.744921
0.635351
0.692307
0.677723
0.732776
0.642301
0.715944
0.667685
0.737083
0.632689
0.702909
0.681381
0.721395
0.648643
0.705492
0.661567
0.747327
0.637362
0.68804
0.672311
0.728015
0.645022
0.713518
0.670293
0.740738
0.625863
0.696549
0.684213
0.725121
0.655992
0.707302
0.659739
0.743237
0.634521
0.693718
0.678434
0.731607
0.643736
0.717607
0.664626
0.735642
0.630106
0.700659
0.682788
0.720476
0.650754
0.703773
0.662629
0.748214
0.638762
0.691395
0.674129
0.728997
0.648337
0.712054
0.668159
0.73999
0.628486
0.698911
0.68669
0.723867
0.652609
0.710027
0.656786
0.745957
0.635936
0.693315
0.676734
0.733629
0.640854
0.715125
0.666859
0.738194
0.631107
0.70153
0.680593
0.722052
0.650319
0.70646
0.660486
0.746227
0.638283
0.688985
0.673198
0.726768
0.646127
0.714808
0.671334
0.741427
0.626881
0.695526
0.685263
0.72639
0.655064
0.708636
0.658464
0.742435
0.632819
0.694797
0.67944
0.730746
0.642745
0.717875
0.665321
0.735262
0.629567
0.699258
0.682045
0.719403
0.651875
0.70429
0.663141
0.749618
0.640493
0.689565
0.675404
0.729764
0.646963
0.710973
0.669321
0.738674
0.627318
0.697469
0.685948
0.723004
0.65346
0.709387
0.657834
0.745028
0.635382
0.692148
0.677575
0.732834
0.64219
0.715929
0.66756
0.737206
0.632733
0.703121
0.681182
0.721202
0.648485
0.705412
0.66141
0.747492
0.637283
0.688229
0.672217
0.727799
0.64524
0.713419
0.670198
0.740958
0.625819
0.696706
0.684152
0.725234
0.655882
0.707417
0.659847
0.743303
0.634749
0.693784
0.678287
0.731555
0.643644
0.717687
0.664749
0.735836
0.629916
0.700463
0.6827
0.720624
0.650829
0.703707
0.662775
0.748111
0.638838
0.691281
0.674209
0.728777
0.648275
0.711981
0.668021
0.740194
0.62862
0.69875
0.686585
0.723707
0.652733
0.710136
0.656894
0.746027
0.6358
0.693201
0.676525
0.733453
0.640656
0.715276
0.666932
0.73805
0.631253
0.701574
0.680503
0.721929
0.650249
0.706343
0.660604
1016
0.372519
0.145604
0.840548
0.631297
0.0528444
0.686764
0.448608
0.285337
0.939626
0.352675
0.190155
0.798153
0.616563
0.0306513
0.764172
0.53889
0.2383
0.911408
0.411581
0.1637
0.872437
0.580417
0.10401
0.724975
0.503793
0.325181
0.998129
0.406334
0.130191
0.833904
0.657403
0.0374316
0.678098
0.469222
0.272125
0.932843
0.344438
0.21744
0.7898
0.593736
0.0245954
0.747503
0.526728
0.232424
0.313574
0.982444
0.391866
0.116698
0.820318
0.642425
0.0638942
0.702721
0.462236
0.264869
0.957122
0.360778
0.204786
0.806017
0.624998
0.0108886
0.773636
0.543556
0.253925
0.916984
0.427542
0.178402
0.886737
0.566394
0.078338
0.738144
0.515667
0.304317
0.973702
0.377723
0.137792
0.843792
0.637194
0.0537363
0.687251
0.454805
0.291603
0.943043
0.354758
0.194164
0.799562
0.607577
0.0351698
0.753491
0.539908
0.242163
0.904888
0.417447
0.168661
0.864372
0.587714
0.109004
0.716733
0.496243
0.333161
0.990561
0.397454
0.1345
0.838834
0.659171
0.0438813
0.668353
0.476071
0.278243
0.93764
0.333592
0.218162
0.781736
0.60068
0.0129071
0.751731
0.529437
0.225208
0.898452
0.440144
0.157084
0.858848
0.569216
0.0911196
0.714633

