0.363333
0.726234
0.900805
0.661316
0.50651
0.961472
0.39061
0.637347
0.931849
0.252263
0.801034
0.980694
0.154842
0.787559
0.440818
0.925226
0.301231
0.81069
0.714102
0.869305
0.409829
0.705693
0.729755
0.920603
0.610578
0.507297
0.350805
0.111223
0.0543828
0.85832
0.675627
0.0579412
0.857032
0.23095
0.602962
0.372137
0.105262
0.237052
0.0371733
0.904277
0.682171
0.235202
0.169958
0.296154
0.628888
0.0138879
0.0950583
0.730297
0.917294
0.771435
0.920286
0.666861
0.805005
0.298446
0.413794
0.0412394
0.556529
0.61892
0.340177
0.292146
0.798251
0.457799
0.0235524
0.757652
0.92278
0.126879
0.130676
0.731297
0.460162
0.795689
0.911987
0.110822
0.896638
0.0638538
0.674545
0.0766974
0.228954
0.78825
0.0987844
0.204331
0.20405
0.763676
0.46088
0.0123587
0.337979
0.26122
0.495495
0.240634
0.813212
0.179552
0.448653
0.472247
0.116848
0.879027
0.73
0.231225
0.646528
0.848202
0.670627
0.211533
0.930517
0.863671
0.59206
0.871261
0.751819
0.657474
0.181256
0.399653
0.841039
0.913502
0.351467
0.239701
0.1631
0.125098
0.86374
0.260812
0.737645
0.81958
0.477236
0.223665
0.862449
0.898873
0.0914289
0.214201
0.502968
0.911846
0.926436
0.680908
0.387641
0.327774
0.721118
0.500317
0.537294
0.806693
0.230508
0.329758
0.859332
0.02897
0.611667
0.92686
0.94562
0.568578
0.882432
0.789812
0.199732
0.737796
0.695258
0.864277
0.0587703
0.811149
0.572685
0.646484
0.955714
0.831005
0.985611
0.608232
0.677804
0.064076
0.766994
0.694362
0.631486
0.982588
0.454773
0.211558
0.711818
0.0125507
0.635798
0.341797
0.844589
0.130551
0.00860366
0.375122
0.657747
0.535537
0.216826
0.447226
0.200762
0.989114
0.365503
0.397435
0.0193697
0.0971147
0.233493
0.0728707
0.917443
0.0872705
0.189194
0.892385
0.429977
0.0615663
0.385512
0.214256
0.652158
0.509625
0.312542
0.0141416
0.146678
0.810764
0.999475
0.830055
0.96105
0.00737413
0.446225
0.894568
0.108508
0.285919
0.606405
0.925534
0.16877
0.801723
0.191243
0.51069
0.981898
0.947615
0.124749
0.482498
0.154795
0.869386
0.112501
0.38988
0.134976
0.178053
0.246589
0.192381
0.503833
0.34203
0.139186
0.449409
0.813602
0.219077
0.0452585
0.576801
0.305844
0.377742
0.289282
0.970928
0.038968
0.904333
0.403716
0.521474
0.602052
0.578242
0.151976
0.177639
0.43199
0.263584
0.183861
0.361507
0.631997
0.706983
0.954087
0.761351
0.305358
0.738733
0.118051
0.734363
0.918989
0.454942
0.00172713
0.683156
0.459552
0.337703
0.0518938
0.930651
0.532754
0.439365
0.0715772
0.457184
0.856323
0.688554
0.00239807
0.932135
0.622382
0.396936
0.0962228
0.169374
0.821203
0.146237
0.649641
0.273314
0.491618
0.849568
0.469279
0.357389
0.950426
0.347083
0.708733
0.701982
0.182409
0.848762
0.393276
0.114951
0.946117
0.213727
0.46488
0.18505
0.598056
0.744331
0.110844
0.297618
0.385291
0.0938109
0.221056
0.0118585
0.0767115
0.46251
0.916725
0.339068
0.39825
0.501004
0.778966
0.11857
0.879184
0.28433
0.217836
0.957318
0.29222
0.17728
0.757886
0.321263
0.499182
0.222646
0.576261
0.377941
0.885374
0.886651
0.459511
0.69628
0.437317
0.00616921
0.92175
0.535158
0.73321
0.135733
0.460663
0.456075
0.86217
0.358558
0.695625
0.411103
0.44262
0.482627
0.877804
0.894169
0.523806
0.996412
0.977805
0.620417
0.887179
0.543246
0.375644
0.0280774
0.638608
0.218534
0.751614
0.276749
0.694627
0.347092
0.237393
0.927105
0.557888
0.457608
0.460218
0.433651
0.103159
0.200224
0.684993
0.476
0.439408
0.411856
0.0967862
0.843853
0.954219
0.369122
0.932416
0.163199
0.670845
0.199249
0.208399
0.516057
0.443075
0.640131
0.710688
0.260844
0.197598
0.56803
0.99666
0.189518
0.788059
0.363247
0.56801
0.497145
0.876497
0.557085
0.421021
0.439898
0.691479
0.278403
0.946953
0.71546
0.825641
0.785227
0.976764
0.633856
0.579492
0.687089
0.510132
0.462703
0.313926
0.697568
0.0222271
0.531102
0.376417
0.831283
0.341398
0.0597185
0.183776
0.287368
0.201543
0.564785
0.477073
0.597477
0.00174053
0.998388
0.7036
0.0778815
0.172769
0.0656607
0.933024
0.597566
0.491642
0.0494744
0.91013
0.44108
0.616899
0.576998
0.679712
0.168197
0.966795
0.435401
0.0434021
0.422075
0.923278
0.983303
0.839328
0.112709
0.763975
0.4597
0.459282
0.540481
0.618497
0.73819
0.526578
0.540288
0.756488
0.233828
087037
0.954762
0.780572
0.957696
0.0406628
0.91573
0.642019
0.163768
0.670372
0.817788
0.0816625
0.90285
0.676359
0.820762
0.263643
0.615368
0.14174
0.0206778
0.680758
0.7858
0.918736
0.0542233
0.582735
0.787756
0.870461
0.935705
0.252766
0.475998
0.950636
0.818464
0.39349
0.388731
0.30111
0.087249
0.875614
0.625105
0.0389977
0.544495
0.259323
0.3525
0.292728
0.687115
0.518536
0.389099
0.165911
0.853595
0.905974
0.0129203
0.488933
0.824121
0.901717
0.235554
0.662031
0.557263
0.828814
0.261811
0.221797
0.419582
0.862379
0.809105
0.0754419
0.963762
0.941814
0.19377
0.703623
0.279194
0.715043
0.692221
0.187597
0.834735
0.228323
0.813201
0.233191
0.154879
0.299755
0.921488
0.416559
0.430893
0.529076
0.816249
0.547455
0.7796
0.746931
0.263885
0.663289
0.137114
0.976794
0.140042
0.650325
0.266547
0.842935
0.255978
0.140174
0.131939
0.965306
0.413588
0.466601
0.697812
0.191927
0.680632
0.421058
0.253396
0.616995
0.843369
0.0369957
0.445745
0.762351
0.63276
0.801003
0.384856
0.64209
0.173769
0.550314
0.411131
0.282637
0.055759
0.528102
0.223226
0.495216
0.170007
0.215517
0.651776
0.175656
0.967264
0.211003
0.136475
0.282113
0.881466
0.1835
0.355194
0.695654
0.410782
0.289222
0.693917
0.408706
0.627946
0.17724
0.583869
0.648544
0.954096
0.335025
0.689802
0.657942
0.254343
0.978516
0.0891157
0.698516
0.0177894
0.562313
0.912905
0.00194375
0.272974
0.749022
0.837428
0.844993
0.457685
0.912542
0.177749
0.423316
0.607221
0.464163
0.233708
0.477126
0.0378959
0.80013
0.0543282
0.0510962
0.376364
0.413793
0.765838
0.00723082
0.771159
0.105917
0.886201
0.91725
0.324829
0.901115
0.359751
0.859323
0.0205488
0.344198
0.87226
0.603307
0.104945
0.344418
0.841021
0.087287
0.576156
0.00914873
0.513051
0.644767
0.518155
0.660674
0.914554
0.530261
0.474217
0.154607
0.309151
0.462599
0.0394777
0.481048
0.853326
0.756869
0.506642
0.287398
0.244828
0.469284
0.689224
0.067724
0.905476
0.737547
0.080078
0.23951
0.0383299
0.643179
0.865104
0.673734
0.0572163
0.959988
0.164222
0.160645
0.459781
0.139554
0.348433
0.210076
0.172993
0.153576
0.306675
0.0981277
0.691599
0.43487
0.6273
0.278818
0.584313
0.209819
0.0564296
0.832167
0.789614
0.501977
0.687899
0.103906
0.86818
0.716623
0.284893
0.6461
0.049046
0.389001
0.973237
0.285538
0.593883
0.513575
0.246862
0.644135
0.619399
0.380302
0.99985
0.216227
0.442639
0.20527
0.539414
0.111113
0.402929
0.89531
0.26792
0.112408
0.957533
0.282061
0.841543
0.169517
0.621206
0.700124
0.209457
0.144648
0.98999
0.592961
0.75283
0.103097
0.441387
0.562985
0.541014
0.297645
0.330257
0.413579
0.537947
0.566388
0.794424
0.698498
0.522593
0.086452
0.667454
0.171949
0.95627
0.21938
0.445608
0.0328298
0.320037
0.177895
0.00278729
0.608515
0.207299
0.462196
0.0600347
0.81421
0.321049
0.933672
0.788939
0.732975
0.974268
0.64024
0.439469
0.0337752
0.229793
0.194734
0.0804218
0.488584
0.806212
0.74575
0.433154
0.928731
0.640586
0.0548164
0.955936
0.730761
0.39425
0.152637
0.655746
0.225827
0.533393
0.0146767
0.0336295
0.978211
0.350301
0.963285
0.67387
0.423592
0.261023
0.748035
0.31753
0.639476
0.0465874
0.484284
0.308029
0.0449509
0.637846
0.381836
0.83107
0.415654
0.35006
0.74385
0.182642
0.906686
0.568488
0.00783256
0.13714
0.603441
0.66908
0.445087
0.374743
0.56718
0.0287003
0.454054
0.74764
0.0198378
0.246308
0.459215
0.429131
0.544123
0.247402
0.351535
0.0276653
0.856136
0.00197529
0.485836
0.701355
0.877689
0.84816
0.121827
0.711593
0.262786
0.601607
0.897598
0.753119
0.734698
0.914803
0.546999
0.576581
0.876622
0.0535516
0.483374
0.12265
0.858305
0.280658
0.14634
0.349639
0.883451
0.745168
0.359574
0.985315
0.951349
0.0609064
0.713649
0.518202
0.1446
0.237951
0.230145
0.413127
0.833398
0.656982
0.638057
0.422631
9.1699e-05
0.815854
0.759929
0.0998493
0.0766399
0.529147
0.0302367
0.0437214
0.151172
0.949923
0.773939
0.342836
0.345851
0.395669
0.683813
0.55543
0.324569
0.854433
0.868512
0.622125
0.587055
0.750012
0.0910925
0.522128
0.18188
0.443235
0.37236
0.479713
0.0974274
0.168917
0.509074
0.162002
0.923872
0.370737
0.393858
0.889138
0.424215
0.672127
0.0651869
0.688325
0.98996
0.325859
0.683277
0.578482
0.30697
0.306029
0.813945
0.397267
0.226762
0.799653
0.753883
0.691957
0.826441
0.980314
0.0444735
0.200482
0.0336952
0.697043
0.966615
0.666557
0.12769
0.721824
0.872289
0.803686
0.955409
0.838154
0.352617
0.740453
0.0365623
0.641611
0.295589
0.972331
0.450074
0.563609
0.542898
0.750597
0.738405
0.78697
0.570092
0.840545
0.543568
0.379956
0.665659
0.25044
0.207707
0.0739001
0.534189
0.625457
0.657572
0.142136
0.47631
0.306229
0.117933
0.357551
0.624411
0.101469
0.348803
0.659902
0.668063
0.803013
0.883512
0.639891
0.245884
0.0146659
0.0177616
0.730991
0.951076
0.102459
0.435488
0.0851978
0.733439
0.0948357
0.173039
0.153767
0.158798
0.296615
0.148446
0.696779
0.231523
0.271254
0.284372
0.0769775
0.921641
0.947644
0.254932
0.56305
0.0953055
0.988243
0.407319
0.307538
0.311999
0.656026
0.0152988
0.174714
0.276417
0.23848
0.416204
0.574641
0.031579
0.0872883
0.983439
0.42533
0.743017
0.921528
0.65001
0.812822
0.897098
0.42322
0.737372
0.462358
0.455835
0.284942
0.917503
0.614687
0.696525
0.0335999
0.774016
0.54078
0.783953
0.0287196
0.224652
0.772799
0.11305
0.310563
0.181863
0.839775
0.0689121
0.182002
0.887084
0.825769
0.137428
0.603254
0.744794
0.560177
0.742106
0.0786462
0.108475
0.387402
0.0158736
0.585125
0.863341
0.110859
0.331163
0.32637
0.378142
0.161553
0.97186
0.78849
0.705199
0.153395
0.00664362
0.225697
0.913611
0.695363
0.472685
0.778969
0.297689
0.824659
0.326427
0.584642
0.0821607
0.421655
0.392146
0.335623
0.571202
0.397855
0.0726495
0.681977
0.665296
0.621034
0.484965
0.659588
0.692692
0.798098
0.187006
0.382457
0.965741
0.958808
0.383353
0.769165
0.682317
0.969485
0.260965
0.424949
0.834756
0.439738
0.068202
0.153432
0.489123
0.851762
0.493476
0.965351
0.0393414
0.899738
0.936902
0.63797
0.925755
0.378868
0.674745
0.72334
0.304221
0.254351
0.369913
0.917004
0.326644
0.247439
0.8759
0.670462
0.620629
0.393127
0.266364
0.149195
0.230916
0.94825
0.965261
0.748232
0.872986
0.170021
0.688689
0.128126
0.660595
0.471801
0.152294
0.25793
0.71505
0.736802
0.533213
0.54557
0.991469
0.672043
0.0565513
0.313898
0.362336
0.632161
0.43274
0.0310796
0.963284
0.581964
0.593912
0.220648
0.259921
0.532604
0.681492
0.409765
0.888327
0.121857
0.405622
0.358889
0.863858
0.222333
0.821204
0.518766
0.0890999
0.389914
0.935646
0.593467
0.101784
0.427215
0.431925
0.188365
0.719143
0.637072
0.744233
0.747187
0.580302
0.702222
0.473446
0.211326
0.0062785
0.788325
0.0519196
0.702568
0.253865
0.405798
0.323268
0.659934
0.756332
0.398343
0.749511
0.50403
0.484447
0.846473
0.443269
0.346798
0.778742
0.519456
0.567416
0.376947
0.606556
0.0674159
0.615701
0.433849
0.903954
0.0172287
0.100142
0.130792
0.254972
0.986597
0.890266
0.0451017
0.936635
0.83637
0.718216
0.421118
0.289228
0.328087
0.19555
0.749713
0.257343
0.347516
0.7954
0.758051
0.761861
0.722383
0.446383
0.902571
0.303555
0.0233928
0.309175
0.906123
0.725622
0.521553
0.712567
0.493696
0.866858
0.957637
0.150258
0.866581
0.598191
0.209587
0.811696
0.856386
0.70368
0.409931
0.397025
0.197079
0.313224
0.762566
0.558131
0.633938
0.771652
0.249625
0.835025
0.0361022
0.0278649
0.926765
0.899565
0.357035
0.505117
0.754953
0.758652
0.93324
0.0313522
0.528338
0.647236
0.886343
0.43472
0.28941
0.541909
0.708394
0.125835
0.0755129
0.693484
0.620212
0.874134
0.31232
0.264348
0.643997
0.476683
0.77445
0.591819
0.108471
0.141747
0.789671
0.538714
0.62231
0.699027
0.19032
0.26984
0.387553
0.9025
0.97123
0.455302
0.481544
0.376665
0.71667
0.923473
0.589339
0.997907
0.690251
0.0205534
0.333723
0.282809
0.256497
0.528083
0.395978
0.495204
0.449715
0.474559
0.797792
0.574879
0.92212
0.665445
0.274489
0.746738
0.751663
0.313918
0.442744
0.775107
0.323833
0.798691
0.688616
0.641521
0.349387
0.448323
0.757687
0.514054
0.927127
0.952612
0.493865
0.161281
0.765446
0.959384
0.439974
0.30368
0.702824
0.744551
0.20645
0.526363
0.0368079
0.827984
0.382768
0.302221
0.994503
0.0295576
0.20352
0.91142
0.333174
0.995134
0.770373
0.251589
0.081363
0.263545
0.22043
0.998525
0.74659
0.997578
0.142671
0.669599
0.0406409
0.744292
0.424221
0.585358
0.890515
0.206766
0.822837
0.566809
0.242475
0.129181
0.747955
0.286251
0.513472
0.798992
0.952233
0.0469107
0.80604
0.981511
0.825855
0.597484
0.798355
0.793058
0.582215
0.402474
0.870907
0.464981
0.644243
0.165747
0.126806
0.604282
0.321248
0.121418
0.59529
0.543928
0.26499
0.32595
0.758046
0.888421
0.995896
0.243208
0.875486
0.686788
0.522102
0.544974
0.731598
0.147235
0.676805
0.583928
0.0644108
0.0213786
0.928196
0.63217
0.672956
0.789949
0.864783
0.219192
0.293532
0.553938
0.55266
0.276597
0.709151
0.0296593
0.56036
0.528469
0.218345
0.55715
0.903021
0.442693
0.345952
0.464251
0.772971
0.993186
0.663562
0.936559
0.329462
0.448664
0.453361
0.387345
0.164886
0.758093
0.0816502
0.465278
0.463069
0.912365
0.934152
0.118885
0.539866
0.51921
0.0512441
0.153378
0.80787
0.542436
0.676577
0.467732
0.40607
0.0421013
0.59022
0.944682
0.498887
0.24829
0.454972
0.96856
0.532563
0.400273
0.602648
0.670602
0.0783498
0.708756
0.810858
0.548408
0.245136
0.0475032
0.459176
0.717828
0.0993757
0.0430577
0.577874
0.713945
0.967972
0.00258394
0.451046
0.0706385
0.642404
0.874772
0.230631
0.749616
0.396721
0.30361
0.958151
0.16967
0.0570707
0.613531
0.81739
0.780714
0.365712
0.483085
0.877841
0.904364
0.555767
0.131664
0.166392
0.407516
0.34779
0.00700827
0.179147
0.365667
0.160197
0.460846
0.418458
0.273246
0.380111
0.305323
0.841809
0.567306
0.963387
0.950255
0.0881309
0.162604
0.222599
0.302576
0.956048
0.681923
0.762321
0.0645439
0.224965
0.813172
0.295888
0.221715
0.243937
0.767622
0.632779
0.00931867
0.965758
0.0931117
0.235287
0.981365
0.217542
0.496414
0.49681
0.180764
0.746813
0.403497
0.367308
0.418926
0.456849
0.174322
0.611704
0.937585
0.324176
0.893642
0.183251
0.684928
0.667329
0.442813
0.647688
0.33667
0.507999
0.895354
0.566659
0.143511
0.923681
0.790198
0.785613
0.594457
0.263012
0.928075
0.925934
0.118712
0.0208092
0.7285
0.356363
0.707057
0.534693
0.82013
0.238573
0.936826
0.236541
0.749434
0.267515
0.110566
0.414461
0.936142
0.195698
0.4428
0.148085
0.618176
0.607377
0.552464
0.911395
0.0615084
0.213076
0.453905
0.989236
0.0114302
0.48764
0.612517
0.0381812
0.893628
0.937871
0.80256
0.317131
0.35104
0.0798087
0.727418
0.990234
0.539031
0.675668
0.861839
0.947926
0.802163
0.59201
0.0532176
0.454872
0.503269
0.149564
0.436277
0.911688
0.194709
0.789988
0.850986
0.335132
0.0457089
0.583182
0.00669074
0.797555
0.637761
0.613346
0.151114
0.222495
0.079211
0.245668
0.748391
0.579501
0.98186
0.325964
0.12192
0.312484
0.938835
0.276488
0.416681
0.711048
0.343107
0.310929
0.835734
0.88815
0.276345
0.0279653
0.47076
0.725417
0.598505
0.331792
0.579978
0.404114
0.307751
0.65025
0.842347
0.913656
0.277855
0.256157
0.180445
0.168021
0.691042
0.950242
0.0319713
0.938439
0.20818
0.657281
0.827849
0.0374136
0.244488
0.571345
0.240775
0.867968
0.91616
0.748704
0.70693
0.810622
0.102157
0.447645
0.105831
0.177676
0.293098
0.144417
0.461847
0.273045
0.394816
0.0124912
0.0194178
0.209013
0.995536
0.956084
0.391003
0.287797
0.152727
0.201767
0.905171
0.177192
0.942347
0.501077
0.672697
0.376088
0.995947
0.340657
0.61915
0.400914
0.670204
0.77687
0.825022
0.427773
0.493255
0.777839
0.980916
0.207846
0.714615
0.691331
0.677409
0.824254
0.51174
0.250373
0.0925411
0.0404694
0.357806
0.31686
0.599175
0.213966
0.241934
0.875139
0.608383
0.963736
0.540017
0.0544857
0.711064
0.926077
0.717671
0.1626
0.842623
0.883367
0.494823
0.719382
0.243674
0.63166
0.576345
0.790919
0.471755
0.411705
0.772284
0.432133
0.867766
0.386132
0.704094
0.880655
0.0477771
0.932295
0.484929
0.461549
0.635461
0.980053
0.00648654
0.320547
0.547309
0.755121
0.680014
0.954996
0.534066
0.545471
0.500809
0.740091
0.056494
0.00904921
0.388506
0.397222
0.779812
0.372249
0.283526
0.382639
0.757327
0.158987
0.0604923
0.00643861
0.662165
0.523831
0.161909
0.850166
0.753988
0.0845548
0.176423
0.57871
0.396577
0.252355
0.240857
0.28185
0.72586
0.516698
0.629126
0.288094
0.0501007
0.921368
0.85331
0.212469
0.0356797
0.759493
0.256643
0.795993
0.769828
0.734343
0.0231097
0.256313
0.40776
0.7526
0.728891
0.456355
0.237572
0.951922
0.819383
0.414398
0.71406
0.499122
0.977261
0.780131
0.85582
0.0853493
0.373663
0.501291
0.612331
0.28904
0.525266
0.525054
0.932237
0.501557
0.88953
0.171636
0.313295
0.146848
0.387189
0.0499953
0.368391
0.944903
0.836705
0.620905
0.520434
0.307402
0.193934
0.314171
0.426953
0.820019
0.0486424
0.507217
0.543155
0.211911
0.0926859
0.241844
0.450928
0.551686
0.298344
0.708731
0.840494
0.211196
0.00230104
0.745531
0.401142
0.776485
0.660845
0.537182
0.434673
0.182705
0.371855
0.163762
0.240375
0.58563
0.76469
0.573359
0.586657
0.756965
0.692214
0.283938
0.375539
0.813752
0.947764
0.199061
0.424002
0.292867
0.616963
0.958398
0.241524
0.0314831
0.172957
0.168907
0.293538
0.135619
0.731941
0.620125
0.609741
0.998963
0.296631
0.629595
0.499476
0.250898
0.406537
0.108429
0.00579806
0.174626
0.49266
0.722298
0.480665
0.769576
0.350298
0.541768
0.646162
0.940985
0.540954
0.806733
0.309305
0.0918457
0.978377
0.273601
0.433059
0.909264
0.141057
0.229866
0.37447
0.47807
0.0467177
0.155148
0.133482
0.841265
0.428502
0.221539
0.61458
0.168415
0.796041
0.134385
0.761217
0.777196
0.777848
0.214
0.926707
0.544853
0.0401272
0.551113
0.350116
0.00318374
0.119046
0.297966
0.715293
0.223817
0.717263
0.512483
0.902561
0.40984
0.807053
0.0516039
0.505317
0.531914
0.129508
0.101996
0.141842
0.485251
0.7788
0.53342
0.748869
0.105298
0.608857
0.978018
0.289155
0.0263552
0.236893
0.186608
0.063428
0.389529
0.937416
0.730016
0.212281
0.980043
0.354295
0.431611
0.37719
0.23171
0.40353
0.683024
0.200004
0.294341
0.087589
0.432461
0.529866
0.849854
0.767639
0.612084
0.833177
0.765735
0.90236
0.602474
0.765126
0.644888
0.807881
0.840837
0.513103
0.785979
0.789588
0.512343
0.617043
0.406531
0.149842
0.612916
0.949209
0.768701
0.512919
0.318309
0.317342
0.638926
0.0449473
0.606781
0.362789
0.156499
0.234988
0.875845
0.514327
0.921203
0.962325
0.393294
0.881044
0.195753
0.29485
0.668308
0.779489
0.477421
0.636594
0.33937
0.988007
0.553598
0.155503
0.113795
0.34917
0.141914
0.812352
0.28641
0.132587
0.556673
0.561222
0.413418
0.801212
0.0218398
0.945753
0.866352
0.45334
0.389832
0.300573
0.883198
0.080499
0.268454
0.298939
0.52866
0.890288
0.116972
0.938149
0.113333
0.609296
0.313282
0.775655
0.984755
0.00923036
0.298085
0.260992
0.749763
0.572352
0.971055
0.103786
0.75776
0.420297
0.755005
0.505782
0.175318
0.415955
0.306464
0.827446
0.0107048
0.0305669
0.489294
0.959719
0.908948
0.74467
0.0753478
0.495285
0.479244
0.0909067
0.339272
0.155193
0.384768
0.386924
0.818311
0.523221
0.000532813
0.721034
0.608798
0.0716293
0.118823
0.0237716
0.887667
0.720015
0.728516
0.333946
0.489749
0.518437
0.811196
0.649673
0.961933
0.588879
0.85679
0.323765
0.555646
0.68572
0.795092
0.880439
0.526591
0.841443
0.85888
0.858049
0.985104
0.880837
0.0372802
0.401981
0.248659
0.636872
0.362574
0.568748
0.394918
0.3556
0.903046
0.141473
0.0929215
0.54492
0.974237
0.191049
0.751721
0.244643
0.93733
0.324013
0.196038
0.389569
0.714912
0.0472569
0.257693
0.264293
0.163788
0.579452
0.403244
0.43853
0.185805
0.842814
0.302995
0.198047
0.046883
0.229974
0.0805078
0.966534
0.102025
0.595567
0.417012
0.469903
0.820265
0.590184
0.27974
0.377903
0.350779
0.529747
0.154537
0.74397
0.709917
0.985325
0.432212
0.392351
0.349543
0.556957
0.862208
0.932598
0.743137
0.868097
0.837086
0.0429923
0.204826
0.355203
0.692252
0.924358
0.233907
0.138377
0.601413
0.572
0.265956
0.206817
0.865544
0.315149
0.172319
0.167357
0.121403
0.203449
0.774917
0.1167
0.384732
0.863592
0.400214
0.248468
0.70029
0.314157
0.41615
0.163408
0.741199
0.753004
0.383385
0.170559
0.476387
0.0190318
0.983337
0.946336
0.0950877
0.894703
0.627974
0.6355
0.759644
0.241618
0.235321
0.146932
0.154301
0.0970186
0.908564
0.761206
0.170018
0.0482336
0.587611
0.930742
0.44558
0.619583
0.303584
0.128551
0.249007
0.973819
0.594227
0.109652
0.435379
0.690563
0.402549
0.406844
0.772672
0.196974
0.200031
0.859301
0.519656
0.398244
0.988299
0.206536
0.811964
0.531828
0.982921
0.513867
0.440372
0.685084
0.192474
0.921414
0.236823
0.0332446
0.970942
0.467313
0.159723
0.371489
0.247161
0.682932
0.103525
0.924634
0.911515
0.399907
0.0417457
0.145097
0.290914
0.57537
0.228144
0.620715
0.903391
0.212776
0.0797702
0.368498
0.496473
0.643689
0.4538
0.347108
0.539208
0.377473
0.618719
0.343934
0.000249102
0.219003
0.677522
0.684012
0.928236
0.421833
0.152323
0.108522
0.410523
0.0908263
0.787065
0.255068
0.489799
0.861068
0.371449
0.00016398
0.505943
0.809356
0.601629
0.494586
0.364534
0.397758
0.430434
0.804282
0.885482
0.226573
0.263567
0.489872
0.861312
0.946898
0.463071
0.990883
0.438644
0.369795
0.926986
0.551541
0.153089
0.243866
0.0429368
0.0764993
0.530854
0.330119
0.344185
0.844598
0.0706846
0.485689
0.719293
0.174098
0.91371
0.226
0.44184
0.120857
0.156924
0.739473
0.874529
0.450321
0.915556
0.780493
0.196437
0.933605
0.150749
0.0075335
0.28115
0.0224665
0.605641
0.552296
0.229648
0.387629
0.955017
0.747389
0.780001
0.263847
0.641113
0.881388
0.594946
0.43856
0.117885
0.715498
0.130349
0.630259
0.277635
0.858029
0.343792
0.926567
0.156983
0.0861776
0.396599
0.980006
0.556094
0.810811
0.444487
0.809439
0.698726
0.616361
0.400068
0.943207
0.553723
0.792361
0.715973
0.138376
0.0942177
0.531301
0.571295
0.677643
0.223613
0.638872
0.695401
0.413373
0.857484
0.206207
0.34778
0.337613
0.00596635
0.720488
0.402238
0.885992
0.26253
0.390326
0.543662
0.109945
0.474234
0.111671
0.726647
0.585617
0.641119
0.313638
0.214866
0.761577
0.37779
0.869305
0.959786
0.517952
0.962102
0.0468094
0.365616
0.269361
0.597992
0.541736
0.554765
0.203066
0.315853
0.536313
0.107402
0.735682
0.18035
0.915009
0.190455
0.572277
0.203855
0.65129
0.547939
0.203331
0.89454
0.802118
0.995629
0.0664527
0.964003
0.553265
0.264953
0.708116
0.714274
0.404002
0.91349
0.196084
0.207484
0.010479
0.954663
0.807899
0.595636
0.355441
0.947
0.207394
0.943875
0.909432
0.679974
0.0377978
0.493467
0.720099
0.158354
0.796339
0.326616
0.702123
0.0542007
0.212348
0.0757523
0.71572
0.12689
0.520825
0.927633
0.682103
0.0522791
0.692738
0.599153
0.606561
0.978049
0.645034
0.782999
0.442781
0.402857
0.14197
0.550227
0.102098
0.686683
0.597442
0.483445
0.702409
0.630746
0.750698
0.00211993
0.411278
0.898584
0.0749424
0.200837
0.102629
0.422167
0.224618
0.724162
0.14669
0.623148
0.508475
0.750978
0.798537
0.154245
0.205021
0.819629
0.147944
0.879142
0.865504
0.605252
0.828996
0.505881
0.935841
0.896982
0.652455
0.414819
0.888618
0.360035
0.19766
0.312447
0.56878
0.845299
0.737918
0.3186
0.139886
0.811712
0.180973
0.907007
0.337533
0.60319
0.379724
0.527782
0.000822626
0.631165
0.774103
0.262506
0.794931
0.972032
0.0163187
0.295299
0.178441
0.438702
0.959429
0.877884
0.711547
0.259122
0.198661
0.176762
0.526353
0.718232
0.0344942
0.367041
0.892914
0.736969
0.0908984
0.209042
0.265077
0.351761
0.948227
0.101223
0.790588
0.949731
0.548066
0.541828
0.256099
0.850227
0.645239
0.420042
0.683426
0.875204
0.312105
0.213696
0.637592
0.58913
0.300614
0.92255
0.151978
0.23548
0.101414
0.517086
0.566515
0.340911
0.573799
0.0610918
0.620228
0.240763
0.00224889
0.513259
0.586367
0.347616
0.812556
0.932837
0.801002
0.106326
0.950202
0.966906
0.909773
0.0418458
0.877281
0.55027
0.662879
0.410388
0.511769
0.258403
0.142213
0.839326
0.0166425
0.567005
0.570484
0.473977
0.418563
0.880965
0.283843
0.465369
0.366511
0.664814
0.0888531
0.571407
0.0425308
0.231407
0.525514
0.102539
0.376053
0.0760934
0.567081
0.844722
0.4973
0.186362
0.0120646
0.311822
0.348834
0.634369
0.435582
0.114924
0.415566
0.350149
0.449217
0.195713
0.838114
0.46792
0.288815
0.318513
0.201475
0.675688
0.996458
0.739601
0.287727
0.357316
0.52898
0.683669
0.0365825
0.727055
0.560653
0.0653235
0.190744
0.525168
0.14072
0.379853
0.82108
0.264698
0.108979
0.147672
0.122083
0.407672
0.781187
0.125801
0.864589
0.189169
0.31263
0.571298
0.763449
0.237984
0.0977257
0.985993
0.746036
0.263233
0.48674
0.790884
0.274218
0.232579
0.254168
0.230291
0.0714903
0.215908
0.704158
0.750855
0.671472
0.388761
0.279767
0.690549
0.926249
0.787903
0.928631
0.286155
0.2954
0.21349
0.714199
0.800123
0.223648
0.0961696
0.710875
0.983741
0.262178
0.591728
0.777227
0.607921
0.544277
0.420005
0.40928
0.171115
0.385876
0.191511
0.0818723
0.33097
0.711451
0.669897
0.806634
0.475114
0.290083
0.556811
0.523571
0.442241
0.76096
0.789731
0.588966
0.88329
0.330412
0.094941
0.207685
0.0840494
0.05648
0.0116349
0.0570838
0.879244
0.126593
0.965074
0.0983142
0.312674
0.895405
0.343506
0.240194
0.219751
0.427999
0.117552
0.700197
0.897795
0.684419
0.785653
0.0591713
0.789746
0.953185
0.715586
0.436598
0.491857
0.540097
0.86004
0.692486
0.0184116
0.0187746
0.797611
0.079715
0.51454
0.996723
0.639578
0.0169792
0.990091
0.0973242
0.949713
0.165983
0.0773113
0.238243
0.625044
0.274406
0.0154117
0.906062
0.376852
0.550083
0.203403
0.671341
0.089236
0.199202
0.384414
0.873672
0.844031
0.0259576
0.769466
0.275734
0.511264
0.186415
0.938687
0.3761
0.828663
0.276492
0.374236
0.87923
0.0787845
0.943978
0.67146
0.795315
0.283574
0.0168716
0.394914
0.232442
0.115957
0.399962
0.675547
0.968979
0.531474
0.866535
0.303299
0.60603
0.421025
0.615357
0.147769
0.771588
0.795246
0.768944
0.423734
0.386319
0.662789
0.334054
0.630534
0.889926
0.00189318
0.296114
0.464943
0.585405
0.95377
0.788793
0.50329
0.127964
0.0368165
0.468725
0.394535
0.415555
0.117252
0.668718
0.39204
0.237913
0.911016
0.0182074
0.253322
0.240907
0.74751
0.0718218
0.361901
0.109024
0.45248
0.500004
0.0654595
0.353291
0.67975
0.0829849
0.149762
0.118047
0.840403
0.827306
0.39104
0.585217
0.48788
0.294695
0.225872
0.64116
0.877921
0.957884
0.0881348
0.0562195
0.906049
0.203231
0.00892223
0.0859821
0.175447
0.361374
0.394877
0.0083464
0.693307
0.219363
0.153866
0.826698
0.663005
0.237686
0.935211
0.899692
0.380498
0.688408
0.776717
0.983251
0.731118
0.308342
0.319558
0.638209
0.172497
0.867067
0.960393
0.730096
0.657631
0.154005
0.739873
0.165218
0.804862
0.678466
0.0287018
0.766461
0.661423
0.98701
0.243715
0.317221
0.595415
0.906073
0.134336
0.593888
0.203362
0.78386
0.903242
0.285297
0.901633
0.0816484
0.0955323
0.757967
0.991621
0.532769
0.547109
0.679987
0.00690171
0.0717086
0.869478
0.539998
0.0590382
0.296151
0.0306618
0.898338
0.71308
0.188877
0.389672
0.89589
0.862801
0.706668
0.347272
0.766967
0.903175
0.176731
0.561615
0.786716
0.963135
0.417468
0.863894
0.858434
0.842412
0.857868
0.630518
0.951444
0.501576
0.301143
0.552396
0.216053
0.48311
0.59295
0.18075
0.758438
0.0916108
0.763389
0.620915
0.148475
0.810447
0.844296
0.0631975
0.895953
0.655861
0.458804
0.205813
0.62923
0.264712
0.372597
0.538984
0.437081
0.824902
0.0210877
0.874202
0.376217
0.853277
0.558446
0.44527
0.728956
0.619849
0.511276
0.0577012
0.810302
0.930147
0.273267
0.618803
0.0888055
0.640909
0.0822155
0.286218
0.482728
0.933343
0.0663719
0.335344
0.598048
0.0985538
0.976959
0.982384
0.289484
0.218423
0.494271
0.811585
0.64387
0.459475
0.876339
0.288258
0.696435
0.27055
0.561393
0.492533
0.116908
0.242749
0.597953
0.209405
0.773018
0.860089
0.547378
0.209972
0.155709
0.977409
0.020735
0.232697
0.555747
0.632838
0.669837
0.503035
0.132837
0.461331
0.876942
0.397578
0.0317098
0.470396
0.159105
0.0741577
0.289328
0.976343
0.951571
0.331284
0.582218
0.33641
0.999794
0.870713
0.61514
0.302007
0.604826
0.928864
0.906547
0.853229
0.775126
0.656555
0.798235
0.287335
0.0934723
0.889216
0.966723
0.20474
0.609486
0.765254
0.59797
0.282897
0.282809
0.596368
0.908709
0.268574
0.421872
0.395345
0.856583
0.882415
0.665237
0.183802
0.766148
0.742515
0.0185852
0.147723
0.987894
0.129807
0.785094
0.59403
0.334914
0.983793
0.637969
0.0889183
0.671651
0.647969
0.828657
0.66353
0.769055
0.944683
0.115379
0.341276
0.691632
0.968993
0.574591
0.173745
0.6915
0.513968
0.587846
0.155458
0.934269
0.144718
0.984882
0.106549
0.740474
0.384896
0.885614
0.799935
0.322135
0.964218
0.945009
0.815045
0.984568
0.954282
0.709354
0.762453
0.0582324
0.61667
0.143703
0.393704
0.183095
0.0219899
0.444898
0.916516
0.459686
0.0123545
0.367912
0.522677
0.32341
0.982458
0.124125
0.174965
0.951346
0.512199
0.532943
0.692042
0.991453
0.0157492
0.737307
0.0747022
0.608844
0.703452
0.898778
0.954501
0.397677
0.575017
0.479782
0.0740819
0.17356
0.531918
0.118343
0.696078
0.468538
0.181116
0.247926
0.684142
0.481294
0.522057
0.68239
0.684943
0.859345
0.962789
0.866591
0.773061
0.3823
0.335303
0.325338
0.964379
0.483482
0.681854
0.583402
0.484743
0.240124
0.672995
0.122624
0.054763
0.725415
0.425642
0.671497
0.256084
0.849871
0.109588
0.569526
0.372521
0.82149
0.857792
0.19777287
0.904575
0.784908
0.20406
0.549313
0.787994
0.244235
0.107032
0.745285
0.300792
0.11053
0.706256
0.165495
0.460572
0.941866
0.955321
0.495588
0.943002
0.685073
0.998677
0.42329
0.421922
0.511563
0.455787
0.751152
0.251028
0.195737
0.00570571
0.258171
0.291748
0.831262
0.42434
0.147917
0.292472
0.373668
0.152321
0.275187
0.72262
0.476282
0.795853
0.211319
0.0393688
0.660863
0.128819
0.984228
0.370502
0.684345
0.235985
0.0180593
0.284303
0.454271
0.439278
0.913353
0.0535247
0.0715041
0.739129
0.461947
0.981423
0.676513
0.74349
0.790914
0.0838002
0.66615
0.776622
0.838847
0.466352
0.145883
0.235426
0.168722
0.10599
0.395047
0.634821
0.0252666
0.503329
0.638223
0.0694674
0.227377
0.823865
0.0186699
0.446712
0.808103
0.0742082
0.0171877
0.484776
0.881634
0.693044
0.716754
0.0664305
0.156773
0.040346
0.105459
0.377906
0.173166
0.218585
0.0122253
0.313196
0.381977
0.60051
0.828599
0.535233
0.413197
0.472434
0.668761
0.79435
0.382719
0.890772
0.297271
0.778826
0.721316
0.497464
0.05251
0.628882
0.620208
0.410918
0.206243
0.623677
0.551359
0.63831
0.694409
0.756428
0.661586
0.964205
0.422476
0.873722
0.0804929
0.676514
0.937059
0.754768
0.294985
0.358413
0.870095
0.838392
0.710062
0.382363
0.407079
0.707724
0.056348
0.734882
0.729477
0.439879
0.393854
0.663816
0.624847
0.459878
0.464985
0.538202
0.25743
0.190707
0.0207919
0.516525
0.286275
0.707122
0.954662
0.317721
0.900821
0.109276
0.903779
0.547031
0.8963
0.555119
0.603204
0.27879
0.805982
0.733657
0.235111
0.152872
0.185767
0.0567808
0.844322
0.538505
0.886102
0.587313
0.359537
0.841674
0.48121
0.863897
0.27942
0.523524
0.150664
0.238355
0.784727
0.502815
0.607519
0.471679
0.291934
0.430441
0.886745
0.35041
0.409877
0.265728
0.700011
0.728671
0.391154
0.679898
0.538365
0.672157
0.986849
0.908539
0.25027
0.448318
0.650357
0.378277
0.00768972
0.31524
0.0514239
0.595551
0.729782
0.132992
0.153297
0.137512
0.508849
0.352114
0.364006
0.77711
0.855767
0.607393
0.864194
0.136128
0.389456
0.430479
0.991973
0.354641
0.944606
0.34871
0.235375
0.671623
0.864258
0.822144
0.477066
0.753065
0.313392
0.380187
0.808916
0.0304094
0.149396
0.710392
0.833316
0.745977
0.0318947
0.363774
0.494839
0.168906
0.212237
0.89677
0.285176
0.19036
0.405287
0.124493
0.648625
0.892565
0.40803
0.654082
0.0924565
0.988916
0.741948
0.0148678
0.693404
0.375906
0.112268
0.372435
0.875072
0.926931
0.58863
0.00928472
0.861002
0.498494
0.110603
0.743506
0.105428
0.0428903
0.189952
0.03667
0.549038
0.604382
0.636577
0.59846
0.348962
0.481971
0.817369
0.700492
0.161127
0.618557
0.858825
0.495832
0.751464
0.802442
0.846821
0.186996
0.116528
0.249685
0.858
0.768601
0.780392
0.65072
0.0665858
0.0930459
0.362677
0.500038
0.618351
0.156122
0.729289
0.627861
0.23395
0.795598
0.398812
0.428673
0.523409
0.40214
0.322166
0.887947
0.614622
0.054834
0.288845
0.668667
0.0195341
0.353184
0.512376
0.999481
0.406699
0.018213
0.149003
0.373756
0.627644
0.306514
0.513264
0.0325356
0.63932
0.114849
0.405967
0.815421
0.798887
0.625483
0.16119
0.885465
0.776361
0.478537
0.898269
0.425209
0.965022
0.0260772
0.648092
0.0806588
0.194252
0.0318179
0.576428
0.55387
0.151488
0.103036
0.0913967
0.428454
0.515546
0.635785
0.862183
0.144697
0.900844
0.942908
0.190351
0.232325
0.931308
0.967815
0.99039
0.420218
0.59444
0.308889
0.714807
0.135453
0.174757
0.834758
0.636061
0.297922
0.67059
0.0904773
0.274974
0.506868
0.729074
0.202397
0.931834
0.895519
0.416979
0.109016
0.409994
0.0722789
0.223986
0.905518
0.410595
0.528788
0.918257
0.0757857
0.972001
0.198759
0.535383
0.121551
0.199402
0.681801
0.140543
0.36023
0.151575
0.646489
0.443237
0.792844
0.282721
0.0902948
0.798077
0.076723
0.915034
0.026498
0.716481
0.0318754
0.231752
0.499157
0.852632
0.740981
0.27633
0.573749
0.788312
0.421654
0.280252
0.487341
0.859912
0.632547
0.817231
0.0674109
0.922098
0.937795
0.959252
0.217776
0.0330359
0.0211767
0.373143
0.44684
0.973866
0.776852
0.988203
0.0616298
0.669094
0.0694405
0.920112
0.778747
0.125659
0.00931288
0.293362
0.778721
0.477805
0.298611
0.311381
0.553827
0.592615
0.35886
0.019867
0.220273
0.34863
0.441114
0.0974992
0.692026
0.306662
0.00496196
0.102948
0.30104
0.218858
0.698557
0.65452
0.463005
0.798734
0.00352574
0.73217
0.300856
0.100099
0.626474
0.567758
0.672785
0.0434165
0.419833
0.662934
0.664527
0.856183
0.311102
0.700918
0.344667
0.562025
0.213518
0.616247
0.878459
0.866171
0.438626
0.841065
0.637464
0.709028
0.329866
0.229659
0.504098
0.64322
0.937802
0.620513
0.59474
0.00709686
0.53335
0.590814
0.298927
0.647989
0.590903
0.485619
0.274701
0.881002
0.32166
0.434044
0.543868
0.397702
0.437993
0.744235
0.617715
0.571052
0.462742
0.976399
0.0239367
0.997247
0.643763
0.967151
0.840203
0.251734
0.840514
0.0254009
0.0853574
0.839604
0.404743
0.669091
0.157214
0.850993
0.860163
0.250137
0.299631
0.230577
0.635523
0.183898
0.194118
0.821287
0.589806
0.845455
0.0628931
0.139934
0.636385
0.639824
0.832545
0.678979
0.126847
0.868296
0.84412
0.864082
0.404249
0.942425
0.929065
0.0925425
0.149924
0.879964
0.995542
0.685474
0.0884794
0.835605
0.875822
0.0304811
0.789622
0.416742
0.61603
0.412015
0.770643
0.596859
0.34749
0.845556
0.786037
0.379753
0.809836
0.966859
0.624796
0.212655
0.753727
0.640317
0.105006
0.352097
0.268803
0.207551
0.632339
0.150688
0.379014
0.45473
0.790135
0.303239
0.714937
0.555409
0.245036
0.466315
0.330477
0.330382
0.760958
0.449171
0.391874
0.684201
0.676472
0.566876
0.322199
0.369423
0.484478
0.0348416
0.601477
0.704055
0.643889
0.584896
0.178607
0.723082
0.991492
0.173093
0.472377
0.33454
0.374148
0.399559
0.741806
0.277929
0.86942
0.298056
0.345241
0.406495
0.867
0.297523
0.272168
0.254945
0.649615
0.990542
0.240624
0.639561
0.169901
0.44135
0.842799
0.546602
0.315924
0.316429
0.475473
0.324922
0.653188
0.104818
0.260831
0.132054
0.916095
0.904935
0.325379
0.76984
0.145671
0.932618
0.77559
0.647494
0.851911
0.625472
0.106408
0.294233
0.414927
0.287787
0.934939
0.787622
0.707196
0.496166
0.0941245
0.845263
0.22885
0.98052
0.00765567
0.0883313
0.425927
0.329215
0.0319021
0.976205
0.753424
0.913642
0.0634107
0.391455
0.258018
0.775428
0.965344
0.832817
0.4244
0.769147
0.609012
0.398056
0.55125
0.812214
0.092955
0.42883
0.0765188
0.225689
0.116652
0.49246
0.430823
0.0907404
0.808333
0.673608
0.800207
0.77564
0.589442
0.689396
0.627446
0.549856
0.100752
0.80806
0.0361058
0.577261
0.923937
0.0522179
0.237455
0.309753
0.751253
0.727081
0.639439
0.699994
0.622521
0.82253
0.699614
0.659675
0.815287
0.470206
0.5054
0.0232807
0.219
0.63116
0.360248
0.621402
0.573397
0.652626
0.00895033
0.101488
0.673361
0.394738
0.705781
0.875624
0.223774
0.095671
0.446637
0.512312
0.460989
0.898922
0.873342
0.901493
0.89082
0.65626
0.336986
0.0836917
0.93371
0.514506
0.257739
0.321135
0.990764
0.40502
0.536795
0.831775
0.980162
0.355606
0.614011
0.391643
0.649365
0.193962
0.814129
0.681097
0.571156
0.702437
0.216196
0.0794711
0.938747
0.125582
0.991392
0.0240551
0.430708
0.913194
0.947704
0.16983
0.406323
0.822137
0.0804452
0.864697
0.456801
0.428884
0.942301
0.479333
0.230677
0.827134
0.058765
0.126586
0.0961683
0.615841
0.0114703
0.862701
0.697333
0.0289609
0.125581
0.534935
0.0812625
0.808169
0.611796
0.301645
0.386707
0.519722
0.434361
0.170643
0.942198
0.621209
0.449876
0.802259
0.416501
0.487468
0.525768
0.804372
0.301529
0.0185621
0.367957
0.941819
0.875737
0.384145
0.140546
0.365237
0.805202
0.958506
0.282741
0.186688
0.0622066
0.926572
0.0776895
0.359747
0.149548
0.46495
0.414176
0.929168
0.611484
0.366566
0.358737
0.438411
0.961396
0.780317
0.192455
0.97705
0.328049
0.373199
0.743022
0.804883
0.150861
0.283113
0.255259
0.038024
0.818715
0.585372
0.0076429
0.242945
0.44986
0.00103969
0.313419
0.239848
0.992417
0.188376
0.392011
0.361076
0.911761
0.275064
0.909714
0.134237
0.543887
0.0313817
0.47415
0.253342
0.66641
0.331563
0.0639744
0.777834
0.333014
0.68758
0.640137
0.146597
0.369949
0.0695271
0.346448
0.221825
0.550296
0.289526
0.939426
0.306531
0.366599
0.866457
0.612048
0.330523
0.182706
0.625015
0.306697
0.411177
0.612283
0.636038
0.0321393
0.296988
0.439083
0.327994
0.730013
0.491371
0.487017
0.640852
0.317939
0.696877
0.402831
0.187777
0.27256
0.844584
0.52835
0.464126
0.170867
0.367731
0.987723
0.816989
0.998469
0.683423
0.821023
0.131866
0.509107
0.773451
0.681084
0.890153
0.182215
0.37755
0.305808
0.252152
0.389726
0.712154
0.181601
0.264875
0.293673
0.089488
0.556314
0.745508
0.76821
0.493776
0.257997
0.482869
0.941365
0.602493
0.275432
0.487103
0.65903
0.590007
0.538489
0.930415
0.802751
0.889505
0.694578
0.813489
0.509281
0.53472
0.615664
0.998979
0.233205
0.150385
0.65165
0.596668
0.503
0.565181
0.700379
0.384952
0.297162
0.030057
0.929783
0.794354
0.148613
0.0746281
0.664561
0.28639
0.736457
0.418992
0.317291
0.493523
0.937734
0.0163881
0.0295552
0.100853
0.0210367
0.562507
0.83363
0.930558
0.713614
0.0669747
0.475944
0.359222
0.889419
0.637486
0.197408
0.705461
0.677212
0.275743
0.0828422
0.652969
0.988535
0.197018
0.483129
0.177455
0.690296
0.874973
0.11567
0.00969685
0.591172
0.0458525
0.624708
0.887982
0.444823
0.386491
0.028942
0.0145801
0.782555
0.925644
0.705016
0.8355
0.501992
0.536039
0.345838
0.502328
0.344197
0.350988
0.420954
0.294326
0.986977
0.86406
0.0514098
0.922899
0.412631
0.881912
0.50757
0.967286
0.0908679
0.74543
0.0274416
0.283424
0.46386
0.104254
0.794873
0.859375
0.37341
0.618559
0.763231
0.708476
0.272294
0.662261
0.148154
0.938892
0.828427
0.186628
0.425149
0.95872
0.231228
0.180814
0.47902
0.217582
0.172777
0.0264718
0.245177
0.939145
0.0124601
0.480574
0.079347
0.172073
0.10592
0.79946
0.211068
0.733153
0.867547
0.443085
0.1773
0.608752
0.360571
0.54942
0.625757
0.129711
0.407863
0.613164
0.835816
0.513839
0.558844
0.971944
0.410677
0.968384
0.685143
0.043088
0.871722
0.965384
0.181634
0.205435
0.370808
0.751207
0.597948
0.12466
0.451837
0.780858
0.48125
0.0933451
0.763931
0.179386
0.875484
0.565697
0.184413
0.782943
0.496042
0.318597
0.744426
0.149424
0.0609198
0.528099
0.476602
0.0450034
0.257256
0.12432
0.682308
0.64847
0.141351
0.376612
0.746441
0.801299
0.108649
0.416438
0.581639
0.170522
0.881482
0.19809
0.502371
0.798809
0.164995
0.152383
0.00430704
0.990024
0.4998
0.0779411
0.141189
0.741197
0.927834
0.96019
0.117016
0.864515
0.174849
0.595527
0.992432
0.450243
0.273667
0.969959
0.377255
0.716494
0.140682
0.533352
0.428497
0.292481
0.13794
0.827901
0.183161
0.759934
0.324985
0.937646
0.714832
0.881843
0.877043
0.628448
0.658823
0.528319
0.127546
0.616358
0.506265
0.321395
0.626504
0.990891
0.995113
0.469994
0.371135
0.453284
0.098873
0.530036
0.737653
0.507242
0.627853
0.723527
0.0794199
0.988132
0.145285
0.128488
0.222589
0.158987
0.209235
0.749334
0.356184
0.437244
0.394971
0.253538
0.337418
0.199574
0.966279
0.705496
0.012356
0.260337
0.511557
0.597643
0.329382
0.680116
0.836423
0.414421
0.626928
0.575143
0.129841
0.063086
0.725667
0.836621
0.273087
0.581847
0.133675
0.300841
0.700438
0.00098821
0.0217126
0.715863
0.740613
0.620738
0.484207
0.764646
0.75751
0.740489
0.829039
0.323826
0.699899
0.694271
0.336215
0.588546
0.83905
0.765087
0.577197
0.514729
0.61533
0.305499
0.810694
0.138904
0.509474
0.38822
0.447085
0.108813
0.949659
0.919477
0.65101
0.556734
0.333447
0.860614
0.525663
0.264596
0.779947
0.405699
0.305581
0.138553
0.52738
0.902167
0.137675
0.432709
0.636975
0.679094
0.740361
0.775012
0.999592
0.303493
0.267684
0.329757
0.330239
0.990142
0.403293
0.553715
0.56031
0.221812
0.797877
0.83633
0.0312485
0.300625
0.631204
0.0774053
0.00611413
0.552933
0.608105
0.773365
0.769075
0.527782
0.523501
0.914942
0.127591
0.208047
0.779145
0.773611
0.967086
0.430493
0.936741
0.608629
0.547664
0.207375
0.37379
0.949774
0.842643
0.205642
0.373406
0.861174
0.252316
0.065433
0.507707
0.637904
0.0409769
0.735414
0.802393
0.121558
0.474558
0.355755
0.181974
0.578786
0.555951
0.754678
0.074946
0.856402
0.00949817
0.757718
0.170015
0.965555
0.71583
0.83099
0.56127
0.25026
0.42219
0.220539
0.548689
0.452151
0.287604
0.381246
0.894152
0.458478
0.751329
0.802527
0.638427
0.0281442
0.339703
0.204008
0.790015
0.38379
0.586471
0.0674157
0.502932
0.830738
0.839606
0.776053
0.945488
0.75751
0.455517
0.913609
0.372195
0.498199
0.0815054
0.626892
0.911765
0.580153
0.845126
0.00358281
0.504267
0.746672
0.577751
0.387744
0.76992
0.474435
0.544413
0.411225
0.00637048
0.579155
0.671129
0.929602
0.0802523
0.228226
0.158659
0.723498
0.586525
0.844765
0.477719
0.426737
0.456084
0.373626
0.299436
0.596044
0.785401
0.211193
0.91737
0.485988
0.295347
0.961761
0.227418
0.89015
0.210397
0.12935
0.427607
0.0422403
0.902169
0.190134
0.571781
0.52533
0.725052
0.692321
0.426819
0.664918
0.873811
0.909578
0.291759
0.689691
0.317361
0.10231
0.748313
0.0714024
0.0177366
0.731786
0.514088
0.301214
0.74971
0.77467
0.569433
0.673625
0.500452
0.561015
0.992745
0.745871
0.51733
0.921275
0.781354
0.105377
0.432492
0.998514
0.209608
0.0378755
0.0695086
0.0663726
0.299715
0.866496
0.632129
0.668358
0.695193
0.0111242
0.249449
0.693062
0.397355
0.241437
0.0524069
0.183264
0.316069
0.844473
0.562394
0.669442
0.926626
0.109419
0.640531
0.432652
0.947586
0.57355
0.252343
0.031607
0.00913774
0.142015
0.712204
0.614072
0.205409
0.70506
0.939794
0.814413
0.937945
0.685844
0.453689
0.010875
0.692828
0.0226764
0.846792
0.316947
0.749048
0.414556
0.439187
0.696629
0.632466
0.596574
0.813332
0.202042
0.344226
0.784036
0.517647
0.98802
0.269355
0.652448
0.0658085
0.955566
0.216465
0.0678518
0.478365
0.386501
0.144378
0.478084
0.483227
0.675247
0.662256
0.946292
0.708949
0.809442
0.633538
0.500076
0.158857
0.389973
0.589219
0.0290973
0.096812
0.113424
0.818387
0.816228
0.879396
0.643444
0.177587
0.879648
0.148423
0.526748
0.115148
0.235713
0.0926142
0.473208
0.428518
0.909114
0.359724
0.998629
0.612348
0.696492
0.538736
0.578971
0.771308
0.370326
0.240736
0.744158
0.994752
0.0859282
0.934853
0.812019
0.268325
0.165676
0.414977
0.0265955
0.442438
0.474542
0.490941
0.00239252
0.65939
0.80606
0.498231
0.423121
0.303519
0.97513
0.21954
0.271838
0.549425
0.0663578
0.952701
0.318445
0.00100387
0.50599
0.66115
0.11909
0.162301
0.271605
0.217822
0.383015
0.028291
0.711343
0.161431
0.179443
0.343152
0.424076
0.229329
0.177551
0.722964
0.761328
0.70352
0.943562
0.279657
0.994269
0.742279
0.863031
0.204247
0.526246
0.750338
0.791792
0.39012
0.93427
0.274505
0.933875
0.619393
0.467603
0.521118
0.887598
0.721994
0.0723379
0.987201
0.801668
0.11087
0.0498906
0.496033
0.552575
0.559189
0.535334
0.0718699
0.880925
0.817378
0.428978
0.635284
0.923424
0.972497
0.582927
0.118421
0.948233
0.555369
0.408638
0.78646
0.651941
0.439014
0.756026
0.345557
0.529203
0.513387
0.14518
0.854916
0.760898
0.343144
0.91087
0.778794
0.571016
0.396931
0.194285
0.751345
0.222865
0.0989815
0.571598
0.301091
0.559739
0.749154
0.298896
0.055279
0.220741
0.230931
0.790479
0.330246
0.827422
0.0516332
0.100654
0.166562
0.443369
0.0138221
0.390303
0.255638
0.32998
0.145881
0.957084
0.415196
0.925692
0.5031
0.582337
0.875165
0.424093
0.681106
0.533876
0.994118
0.400572
0.167066
0.642734
0.308708
0.223647
0.625291
0.218194
0.0819971
0.768878
0.819423
0.882772
0.72998
0.0731455
0.285427
0.169374
0.858209
0.510721
0.769052
0.0364604
0.943679
0.134851
0.69826
0.121886
0.794878
0.459323
0.530127
0.81677
0.122833
0.192185
0.906492
0.794754
0.312456
0.684403
0.247165
0.465156
0.816798
0.413927
0.177758
0.814182
0.0885135
0.902479
0.351126
0.682696
0.788467
0.17756
0.0255547
0.433635
0.760492
0.957824
0.929274
0.559419
0.0591573
0.554625
0.253416
0.795751
0.0395379
0.713232
0.262629
0.51609
0.954268
0.364592
0.602163
0.433151
0.384716
0.173765
0.267309
0.41221
0.953569
0.687945
0.872992
0.0453695
0.394703
0.174098
0.254457
0.361455
0.667493
0.523393
0.00178981
0.880213
0.0154082
0.930428
0.169596
0.986287
0.859937
0.638009
0.539399
0.586859
0.420439
0.175002
0.171969
0.384026
0.191194
0.443805
0.379176
0.608132
0.178635
0.459183
0.0426889
0.646537
0.666872
0.933298
0.740543
0.714121
0.779605
0.158347
0.578866
0.852214
0.777511
0.603258
0.312959
0.41289
0.0493704
0.396756
0.693151
0.529836
0.21942
0.748035
0.0216095
0.724981
0.3381
0.860599
0.323574
0.500383
0.157246
0.0231899
0.958826
0.622075
0.0211386
0.3713
0.617949
0.42618
0.716201
0.717472
0.918893
0.877885
0.771827
0.254669
0.484771
0.238425
0.886663
0.680928
0.131119
0.294323
0.0721531
0.998946
0.963535
0.753327
0.847627
0.301756
0.233107
0.0795202
0.706239
0.262985
0.100039
0.576566
0.715011
0.204646
0.502432
0.273206
0.718168
0.325549
0.0566009
0.566876
0.48067
0.948321
0.43
0.968378
0.0732145
0.662607
0.426915
0.092888
0.952583
0.480799
0.989491
0.76469
0.327488
0.953601
0.794107
0.569032
0.712922
0.220663
0.293466
0.473683
0.965823
0.350262
0.848328
0.833636
0.648311
0.595559
0.531433
0.0497804
0.233812
0.435163
0.443215
0.289699
0.949005
0.20029
0.470892
0.719637
0.336805
0.852134
0.790025
0.473512
0.0927891
0.56878
0.275011
0.498825
0.252091
0.372849
0.794964
0.0105961
0.738442
0.578915
0.905712
0.0550443
0.153276
0.158079
0.68361
0.305338
0.0732709
0.77789
0.334309
0.828802
0.795398
0.908731
0.952775
0.149082
0.0601275
0.250905
0.479615
0.145588
0.111797
0.957942
0.812779
0.0165907
0.807362
0.758046
0.652967
0.0153103
0.847395
0.0620588
0.379443
0.195486
0.587252
0.208339
0.731477
0.89539
0.615955
0.457847
0.0477067
0.0573042
0.61446
0.609515
0.883269
0.516395
0.950247
0.140177
0.829044
0.480674
0.770521
0.169526
0.361859
0.336408
0.787486
0.51981
0.139227
0.305609
0.573697
0.541963
0.465224
0.735425
0.810785
0.920537
0.639275
0.564514
0.803223
0.358022
0.467238
0.291736
0.539648
0.219588
0.737684
0.833749
0.938125
0.181195
0.799631
0.706162
0.0763339
0.0692355
0.863618
0.959794
0.150184
0.300927
0.435896
0.745388
0.917737
0.972161
0.806926
0.293999
0.973683
0.143924
0.305283
0.345627
0.676309
0.320693
0.349191
0.820046
0.192745
0.259553
0.462941
0.543993
0.248117
0.0226262
0.415541
0.539475
0.853966
0.403754
0.87154
0.0146383
0.58609
0.267231
0.910368
0.274626
0.81197
0.0777223
0.960779
0.25429
0.417321
0.892779
0.153908
0.664818
0.384027
0.732454
0.64476
0.860711
0.242767
0.626088
0.151641
0.802321
0.330337
0.637551
0.872977
0.67211
0.54287
0.153854
0.00233289
0.93024
0.070166
0.58483
0.00747916
0.531265
0.514523
0.915065
0.865079
0.719699
0.249421
0.839156
0.62093
0.501746
0.643678
0.193625
0.038128
0.856676
0.596607
0.290991
0.112841
0.638638
0.963115
0.00726092
0.584558
0.498544
0.0942499
0.65936
0.265465
0.858908
0.893543
0.501619
0.585116
0.625378
0.739751
0.435707
0.619556
0.742627
0.593902
0.995384
0.397535
0.10012
0.3484
0.94441
0.673354
0.0617121
0.893912
0.690809
0.48901
0.869506
0.637867
0.48899
0.155903
0.995795
0.186105
0.131988
0.195699
0.717326
0.942555
0.112879
0.365769
0.0591739
0.0336795
0.138222
0.945765
0.859447
0.947602
0.922286
0.841561
0.478965
0.989687
0.132144
0.362892
0.776229
0.830976
0.17237
0.685476
0.606437
0.937007
0.300774
0.233045
0.486443
0.673009
0.470514
0.357643
0.709598
0.0638781
0.604775
0.906834
0.993276
0.920794
0.741417
0.336034
0.0410796
0.762269
0.344691
0.511368
0.307428
0.698427
0.812329
0.0800608
0.468195
0.728214
0.333591
0.940022
0.526267
0.384333
0.767691
0.17259
0.213047
0.98385
0.528059
0.198325
0.442115
0.372068
0.738499
0.631981
0.36954
0.772168
0.234096
0.11043
0.911511
0.0543394
0.191026
0.633992
0.79747
0.653462
0.563173
0.0698112
0.0517763
0.952959
0.38965
0.754858
0.316074
0.366218
0.154361
0.890108
0.12919
0.50963
0.165836
0.252155
0.542256
0.945615
0.671333
0.178288
0.230127
0.761899
0.104763
0.509569
0.991177
0.572533
0.763173
0.650561
0.62471
0.769803
0.84287
0.0671141
0.317517
0.990098
0.360499
0.399903
0.960818
0.782973
0.897278
0.642796
0.657291
0.256755
0.107891
0.291955
0.542818
0.272058
0.159015
0.967577
0.206893
0.506587
0.839346
0.528326
0.0421535
0.074619
0.677693
0.608817
0.0323234
0.557013
0.80582
0.874268
0.781579
0.862618
0.914924
0.677221
0.953146
0.0508601
0.722467
0.510793
0.497023
0.205201
0.917927
0.791812
0.884943
0.533407
0.466827
0.266678
0.302495
0.486736
0.060432
0.883551
0.305149
0.30661
0.185541
0.173068
0.493848
0.732621
0.570312
0.718247
0.484205
0.273966
0.184589
0.194395
0.80714
0.397829
0.404118
0.136207
0.685906
0.391674
0.546849
0.559794
0.664799
0.895617
0.888369
0.307324
0.955511
0.960761
0.152142
0.746115
0.624655
0.157367
0.670523
0.150455
0.758091
0.550305
0.0386884
0.248651
0.608807
0.484737
0.00647907
0.139047
0.212692
0.46018
0.901308
0.134016
0.901295
0.663097
0.812706
0.184202
0.238582
0.307016
0.882766
0.190342
0.380467
0.263209
0.00498934
0.577194
0.597998
0.770688
0.374827
0.0743449
0.301013
0.91541
0.612495
0.447105
0.15916
0.829768
0.735856
0.19531
0.33912
0.659895
0.762151
0.956056
0.462897
0.844041
0.14765
0.51815
0.69461
0.0734299
0.070335
0.0981908
0.328096
0.587636
0.394068
0.211964
0.304438
0.691422
0.0190699
0.0105496
0.32418
0.678836
0.569243
0.396641
0.724814
0.346011
0.722336
0.0778224
0.978279
0.837309
0.619708
0.640359
0.448944
0.480884
0.805247
0.991729
0.070421
0.682309
0.533605
0.620351
0.442902
0.189893
0.0569572
0.466203
0.689469
0.488332
0.81018
0.946946
0.598431
0.322351
0.515121
0.890466
0.352562
0.447743
0.756368
0.78995
0.770596
0.533259
0.35723
0.00185612
0.861245
0.794194
0.718561
0.505278
0.254669
0.751319
0.706548
0.84693
0.808576
0.755062
0.609242
0.328819
0.0419541
0.251425
0.984454
0.380027
0.554884
0.732436
0.312382
0.2694
0.807293
0.537773
0.40303
0.0356518
0.698286
0.782942
0.892406
0.204205
0.10742
0.137754
0.663469
0.603781
0.692831
0.413601
0.265066
0.535029
0.133575
0.304893
0.707316
0.149067
0.754467
0.372989
0.843307
0.992153
0.183607
0.385994
0.198389
0.732986
0.737133
0.214397
0.804574
0.482989
0.0712428
0.570824
0.286424
0.792383
0.895231
0.212649
0.0703827
0.326862
0.590667
0.247357
0.990953
0.429719
0.924326
0.229035
0.699786
0.0515417
0.452999
0.821534
0.518643
0.0155571
0.456692
0.27837
0.734809
0.0480839
0.00175498
0.642887
0.737441
0.0970455
0.161963
0.565828
0.631804
0.851574
0.143139
0.80872
0.0221264
0.696754
0.104783
0.273035
0.976327
0.594484
0.538996
0.547294
0.227926
0.493296
0.902151
0.780429
0.17055
0.465369
0.955568
0.759447
0.309973
0.776133
0.839318
0.547918
0.929196
0.317868
0.563158
0.920713
0.773231
0.408424
0.165332
0.468081
0.458388
0.766557
0.34274
0.147079
0.0123024
0.790201
0.858563
0.630235
0.122211
0.229904
0.61402
0.675308
0.996261
0.959641
0.775662
0.076258
0.493696
0.395448
0.118361
0.0587039
0.261049
0.717868
0.308146
0.6925
0.236328
0.4343
0.242386
0.242227
0.994795
0.390234
0.434671
0.169878
0.861753
0.453991
0.385167
0.783437
0.674315
0.305783
0.950081
0.936597
0.157725
0.332302
0.460778
0.0329269
0.812635
0.557866
0.735525
0.613695
0.2964
0.469822
0.251728
0.160642
0.262769
0.0933674
0.504782
0.881449
0.167346
0.636723
0.912948
0.453428
0.944391
0.12135
0.141128
0.8847
0.56907
0.566554
0.653254
0.336944
0.733153
0.111509
0.096612
0.297361
0.165156
0.6587
0.690387
0.644782
0.491577
0.0760763
0.0494568
0.0241365
0.548325
0.400165
0.843964
0.104704
0.108123
0.473782
0.258567
0.0127082
0.761794
0.200435
0.874875
0.79615
0.696874
0.098775
0.477065
0.892954
0.975113
0.186712
0.615716
0.48147
0.986687
0.417518
0.868906
0.425823
0.326351
0.405624
0.96947
0.0798972
0.904037
0.37271
0.425332
0.565591
0.548728
0.534263
0.130643
0.885958
0.29366
0.560011
0.513344
0.796736
0.950606
0.212366
0.698139
0.344579
0.715894
0.783898
0.525237
0.696359
0.234893
0.661245
0.479648
0.205517
0.485454
0.56546
0.271788
0.268294
0.664714
0.404624
0.675601
0.831289
0.234295
0.458211
0.868055
0.479415
0.180784
0.715671
0.106395
0.710358
0.784866
0.71798
0.371045
0.438982
0.722843
0.153785
0.610732
0.122811
0.556282
0.951064
0.169485
0.466902
0.702172
0.639073
0.384962
0.730071
0.997952
0.68941
0.647977
0.0424704
0.648747
0.144754
0.877113
0.94341
0.472797
0.744208
0.807415
0.852524
0.723912
0.507016
0.204257
0.805031
0.444987
0.492253
0.993634
0.567621
0.155257
0.141854
0.999275
0.0471818
0.713247
0.283662
0.886809
0.802192
0.679964
0.708805
0.0475072
0.137326
0.439294
0.275133
0.559698
0.145081
0.457036
0.413455
0.736519
0.570003
0.489126
0.0527777
0.437081
0.521161
0.250118
0.767959
0.736828
0.460472
0.702989
0.533371
0.0133465
0.210261
0.417722
0.215596
0.220686
0.481922
0.0373637
0.992729
0.616073
0.44092
0.721162
0.106957
0.706658
0.727926
0.875225
0.00362456
0.919276
0.4002
0.020479
0.0405289
0.465584
0.307522
0.210698
0.271159
0.21035
0.520486
0.338973
0.00484656
0.460593
0.294547
0.504976
0.875341
0.538592
0.85301
0.41488
0.939215
0.0292489
0.992292
0.580704
0.297843
0.293527
0.7069
0.599826
0.599223
0.386863
0.284481
0.260839
0.00443195
0.949391
0.728487
0.128
0.170571
0.63299
0.21431
0.652262
0.956276
0.841381
0.0703258
0.881436
0.138651
0.8794
0.803952
0.737394
0.903816
0.69258
0.345967
0.594925
0.60421
0.546356
0.813828
0.234514
0.792744
0.628209
0.0490932
0.498302
0.939286
0.99946
0.773393
0.85878
0.693026
0.822252
0.500735
0.215791
0.564335
0.539667
0.50348
0.61885
0.203144
0.729076
0.998037
0.438786
0.0641601
0.917771
0.11827
0.0716792
0.4135
0.220475
0.361891
0.0788932
0.125243
0.958257
0.627771
0.46308
0.7265
0.95281
0.745924
0.329089
0.464551
0.327473
0.190952
0.626804
0.120374
0.145858
0.538397
0.931409
0.731437
0.145517
0.235428
0.45454
0.307758
0.809853
0.178835
0.694883
0.21259
0.333757
0.142726
0.442758
0.179647
0.601566
0.409954
0.00355492
0.706135
0.190271
0.112082
0.179851
0.0123816
0.627912
0.0207131
0.666646
0.961998
0.39755
0.853385
0.087933
0.315763
0.0215735
0.853958
0.682902
0.315496
0.0809605
0.739527
0.271685
0.599046
0.133882
0.552281
0.116178
0.840635
0.876907
0.831672
0.780415
0.684522
0.0104252
0.870975
0.266147
0.724105
0.805524
0.1013
0.480619
0.0621765
0.27008
0.692666
0.406718
0.700191
0.956943
0.922377
0.225107
0.681993
0.986755
0.681771
0.0534649
0.459471
0.911997
0.488301
0.0527425
0.712705
0.690968
0.529672
0.123386
0.619346
0.709121
0.934761
0.803127
0.891137
0.0444532
0.758306
0.511993
0.419641
0.428365
0.252216
0.015619
0.274088
0.354759
0.139673
0.433327
0.487577
0.530137
0.0649636
0.208049
0.628121
0.174464
0.37714
0.453112
0.79719
0.680838
0.610467
0.163932
0.464416
0.685165
0.994024
0.00541821
0.616998
0.452199
0.743378
0.421333
0.362121
0.740855
0.760061
0.431157
0.461209
0.72623
0.124306
0.886627
0.54561
0.395559
0.794997
0.632305
0.678252
0.528695
0.388781
0.332711
0.366652
0.911919
0.626254
0.566339
0.129973
0.328201
0.237742
0.192636
0.856567
0.928981
0.268436
0.719814
0.549465
0.138899
0.429608
0.719286
0.433071
0.400702
0.594843
0.569487
0.338019
0.933766
0.0661005
0.619452
0.87199
0.242741
0.534101
0.130145
0.607643
0.680577
0.642862
0.992271
0.557821
0.884577
0.382571
0.0918602
0.905065
0.488516
0.207999
0.0575123
0.0818671
0.865344
0.747741
0.8865
0.168542
0.0982207
0.947926
0.0164084
0.390932
0.261811
0.151602
0.649669
0.309152
0.416366
0.717095
0.421013
0.486376
0.889205
0.144768
0.329608
0.584692
0.960327
0.244279
0.695779
0.813937
0.420471
0.793425
0.499318
0.838021
0.652941
0.283715
0.571721
0.600703
0.0457758
0.724937
0.752136
0.526303
0.399751
0.860132
0.536307
0.123288
0.323976
0.78219
0.962121
0.0087232
0.966868
0.567714
0.424096
0.293752
0.199314
0.655301
0.133896
0.820935
0.62961
0.357532
0.267196
0.307801
0.06708
0.0699309
0.529533
0.0967533
0.697557
0.751104
0.223057
0.937028
0.628431
0.64198
0.993381
0.0183468
0.931732
0.579
0.245366
0.728922
0.766001
0.671832
0.0977755
0.668682
0.625276
0.512884
0.706013
0.273793
0.656335
0.914277
0.0615182
0.481258
0.557722
0.096088
0.556596
0.540518
0.409754
0.257344
0.414584
0.422723
0.952176
0.748318
0.11739
0.464776
0.98549
0.865334
0.16731
0.338772
0.2312
0.170689
0.511459
0.549364
0.198568
0.186639
0.00470542
0.75162
0.815512
0.632478
0.0162523
0.925911
0.308885
0.711895
0.399716
0.732103
0.310627
0.831906
0.7876
0.761827
0.831184
0.834222
0.659988
0.0351518
0.475244
0.511778
0.949351
0.90529
0.834971
0.254936
0.0940214
0.645171
0.149532
0.213687
0.123352
0.913896
0.204339
0.505608
0.211283
0.0281119
0.935712
0.613944
0.571177
0.367368
0.209762
0.289714
0.916702
0.677108
0.0774025
0.513182
0.592251
0.0559671
0.821053
0.778974
0.466361
0.649174
0.911596
0.50814
0.100947
0.964052
0.00694369
0.38715
0.306722
0.681278
0.823046
0.272956
0.091351
0.885251
0.952811
0.249647
0.818964
0.636864
0.0867296
0.0783265
0.0269936
0.409771
0.916235
0.529823
0.831209
0.999719
0.532349
0.168722
0.67262
0.144955
0.152417
0.27379
0.448719
0.277258
0.624258
0.0942824
0.971603
0.495721
0.174052
0.0368916
0.567819
0.90131
0.963534
0.630141
0.592047
0.670363
0.682177
0.661195
0.504698
0.900967
0.076229
0.241015
0.875783
0.87295
0.11619
0.13034
0.10213
0.399107
0.672361
0.847178
0.967643
0.84527
0.17039
0.559028
0.894695
0.192783
0.811353
0.104091
0.324027
0.434975
0.048395
0.320342
0.577871
0.582092
0.569579
0.510261
0.542099
0.187112
0.130035
0.0627026
0.0354966
0.5813
0.47535
0.886296
0.260259
0.675568
0.476659
0.109204
0.65851
0.624865
0.933709
0.289311
0.459751
0.355686
0.872049
0.88693
0.541962
0.0478678
0.0750072
0.177019
0.697658
0.0349652
0.335837
0.0731176
0.755063
0.244159
0.869111
0.269979
0.32591
0.0153036
0.547903
0.063851
0.791691
0.45395
0.0585906
0.408766
0.749614
0.371194
0.284786
0.785408
0.94074
0.0847174
0.170478
0.633482
0.264892
0.608345
0.518449
0.216798
0.620597
0.952818
0.128282
0.13744
0.17862
0.701914
0.405737
0.563024
0.436502
0.278477
0.668481
0.660658
0.0551203
0.88103
0.919967
0.741411
0.080149
0.100769
0.175378
0.542501
0.152665
0.59358
0.505586
0.779022
0.280775
0.925427
0.406771
0.154873
0.835349
0.12084
0.149466
0.632305
0.842635
0.98454
0.87831
0.277531
0.416414
0.93707
0.0722817
0.395285
0.994518
0.0549381
0.87989
0.63475
0.894331
0.755568
0.419532
0.247977
0.720248
0.53622
0.570451
0.544366
0.340493
0.976102
0.664194
0.457906
0.518129
0.18155
0.965349
0.913214
0.43993
0.972972
0.429354
0.860891
0.908225
0.366459
0.86485
0.830979
0.24532
0.721255
0.465636
0.238836
0.98886
0.789641
0.461895
0.90415
0.889813
0.726844
0.668601
0.639197
0.484562
0.0287121
0.017783
0.889228
0.782048
0.917969
0.862947
0.260426
0.39138
0.310795
0.154137
0.470486
0.639622
0.697474
0.418552
0.120696
0.505682
0.269554
0.211346
0.678685
0.230133
0.49667
0.332591
0.422523
0.0509664
0.428692
0.937619
0.578894
0.394215
0.518258
0.675705
0.702959
0.810156
0.409234
0.226354
0.345544
0.103799
0.462224
0.509944
0.786915
0.326557
0.0869621
0.0844786
0.879599
0.74079
0.788572
0.550012
0.887063
0.224433
0.220361
0.0647881
0.983378
0.649102
0.398403
0.484917
0.525104
0.116052
0.0746786
0.142203
0.856116
0.828255
0.411785
0.227018
0.033864
0.330649
0.338584
0.021785
0.900478
0.790508
0.244089
0.191161
0.914188
0.207409
0.725292
0.932275
0.283243
0.0425512
0.955772
0.22829
0.135717
0.073357
0.931078
0.61585
0.411721
0.771764
0.212955
0.365223
0.22117
0.858573
0.576252
0.00775191
0.239149
0.445743
0.346559
0.543637
0.846788
0.365118
0.51945
0.207271
0.506468
0.679564
0.767027
0.0931295
0.16107
0.972961
0.749541
0.0352401
0.696001
0.298747
0.0263238
0.846791
0.799836
0.933984
0.452778
0.578936
0.0566599
0.376136
0.760842
0.682065
0.558507
0.659375
0.0991856
0.550952
0.248485
0.93729
0.524965
0.2889
0.99369
0.950327
0.285602
0.191092
0.445604
0.998292
0.750167
0.980976
0.0522041
0.379743
0.701689
0.0132352
0.132066
0.366524
0.0968179
0.833429
0.0880935
0.286731
0.383645
0.582138
0.488971
0.00164001
0.59375
0.192872
0.453125
0.0406621
0.583678
0.117868
0.688927
0.759408
0.280508
0.0105278
0.249526
0.942964
0.0964246
0.462915
0.660527
0.0869584
0.50815
0.762179
0.872525
0.0911219
0.765769
0.682009
0.774586
0.459665
0.51162
0.891829
0.775399
0.541679
0.163894
0.808011
0.705614
0.710644
0.956725
0.636143
0.236736
0.151828
0.218004
0.0731246
0.0326583
0.244237
0.943151
0.167544
0.111192
0.144386
0.922128
0.38855
0.218295
0.68646
0.52864
0.373568
0.519705
0.232115
0.936559
0.182815
0.623659
0.628704
0.789305
0.521511
0.623883
0.425735
0.370578
0.515484
0.173213
0.0629027
0.0814451
0.746403
0.636981
0.803441
0.222021
0.142944
0.122917
0.727503
0.462115
0.488026
0.833845
0.781729
0.879218
0.188385
0.808591
0.799555
0.549385
0.370006
0.404437
0.583116
0.531478
0.426535
0.891303
0.352293
0.359794
0.000466048
0.227583
0.728833
0.360371
0.532313
0.56043
0.526489
0.874523
0.903896
0.591102
0.85026
0.107257
0.617891
0.182329
0.0228755
0.985019
0.188454
0.00418306
0.317006
0.819476
0.6325
0.768052
0.627039
0.357603
0.204906
0.499941
0.237833
0.562795
0.734406
0.136584
0.717068
0.657793
0.376569
0.673585
0.384649
0.434443
0.754289
0.738094
0.243878
0.653587
0.356937
0.679592
0.0960025
0.198016
0.541229
0.505736
0.690861
0.745962
0.416768
0.776304
0.223896
0.67575
0.0725812
0.427639
0.255102
0.854502
0.230396
0.574949
0.189472
0.524103
0.777357
0.605111
0.955296
0.162767
0.410568
0.729436
0.198794
0.0938122
0.924604
0.750768
0.178413
0.726593
0.824252
0.787515
0.676395
0.993431
0.77192
0.397352
0.708371
0.584651
0.152613
0.194329
0.438971
0.691334
0.193615
0.415998
0.230578
0.501201
0.990891
0.779303
0.0997768
0.482991
0.553414
0.470803
0.10827
0.0713047
0.830444
0.69408
0.567144
0.138564
0.535083
0.884679
0523
0.804842
0.924729
0.879555
0.985063
0.46808
0.771514
0.965297
0.526287
0.00531259
0.295127
0.218725
0.88802
0.5742
0.776613
0.083428
0.871947
0.125403
0.304725
0.10202
0.53028
0.767838
0.871776
0.919098
0.836031
0.537558
0.445001
0.143884
0.0674845
0.658046
0.432881
0.467937
0.505482
0.102485
0.240063
0.865141
0.943876
0.863887
0.174057
0.304256
0.85379
0.434869
0.299941
0.468552
0.148125
0.908277
0.964159
0.547566
0.195069
0.382761
0.0859677
0.683163
0.62125
0.592081
0.702484
0.180759
0.200043
0.67081
0.273828
0.96611
0.349918
0.454171
0.812044
0.400633
0.632609
0.114732
0.594379
0.169328
0.420142
0.632983
0.0760725
0.967309
0.49895
0.638385
0.628087
0.582659
0.230297
0.441365
0.92239
0.871702
0.633725
0.875281
0.986337
0.14332
0.427415
0.0935195
0.160116
0.654259
0.212336
0.691171
0.988098
0.29666
0.349525
0.491127
0.739021
0.457392
0.78247
0.743428
0.385336
0.667606
0.393224
0.662522
0.455472
0.0213075
0.470935
0.298842
0.507816
0.757826
0.639035
0.902138
0.695773
0.254841
0.0557858
0.290103
0.169971
0.194532
0.0906215
0.420229
0.971732
0.526631
0.337094
0.403281
0.310931
0.473936
0.0409039
0.000154311
0.123773
0.939367
0.914125
0.868741
0.46655
0.716792
0.540559
0.579768
0.0326448
0.247511
0.428195
0.976059
0.185245
0.319646
0.240378
0.948589
0.838017
0.586089
0.0632451
0.294044
0.496396
0.809953
0.720577
0.132974
0.448016
0.230019
0.903647
0.322581
0.237894
0.867427
0.301383
0.455075
0.487846
0.157438
0.042293
0.409154
0.737741
0.521918
0.880607
0.152908
0.703532
0.00616426
0.727365
0.753457
0.948733
0.234711
0.152723
0.215371
0.637212
0.883104
0.925491
0.412857
0.54287
0.38618
0.840329
0.966951
0.477312
0.928834
0.80974
0.116467
0.294997
0.915886
0.726504
0.882398
0.569159
0.859415
0.189663
0.809941
0.63417
0.707609
0.332318
0.612818
0.5157
0.689707
0.43987
0.668841
0.740482
0.842328
0.116125
0.132448
0.447333
0.299161
0.465767
0.0716438
0.944034
0.0428744
0.518362
0.412709
0.67758
0.183118
0.682386
0.19445
0.224787
0.44326
0.593287
0.163865
0.341773
0.203492
0.583133
0.0447542
0.941469
0.964871
0.892704
0.874102
0.172781
0.224517
0.516064
0.272535
0.431996
0.859873
0.851392
0.0108051
0.473086
0.119334
0.0569444
0.28007
0.577949
0.934504
0.689161
0.365724
0.696683
0.456205
0.363615
0.606047
0.800511
0.28388
0.996334
0.70272
0.310757
0.656204
0.0698326
0.290813
0.144675
0.351997
0.633404
0.430123
0.650422
0.814576
0.0346973
0.0994904
0.982553
0.661923
0.652619
0.254378
0.79342
0.116056
0.806351
0.695931
0.299851
0.615317
0.146988
0.635888
0.627182
0.932756
0.36904
0.257553
0.354089
0.334294
0.234696
0.451229
0.798443
0.827722
0.85357
0.50277
0.772212
0.953505
0.882904
0.897091
0.940232
0.0195457
0.067219
0.968154
0.135262
0.194913
0.136677
0.645849
0.490703
0.677449
0.606441
0.542866
0.334438
0.986214
0.294972
0.29218
0.401693
0.420174
0.118649
0.781709
0.686041
0.442328
0.853149
0.790768
0.6694
0.937167
0.849508
0.282452
0.51564
0.898182
0.790539
0.599968
0.947805
0.120076
0.423658
0.803834
0.0929726
0.447925
0.999218
0.340933
0.731692
0.48383
0.272492
0.304585
0.38626
0.419469
0.987324
0.0878927
0.271719
0.236209
0.848279
0.271004
0.88206
0.6182
0.456808
0.0218574
0.528881
0.742965
0.916889
0.959345
0.382011
0.846532
0.717869
0.119427
0.912402
0.200478
0.9665
0.0683398
0.525691
0.198614
0.10065
0.965733
0.438125
0.484577
0.928122
0.704217
0.78531
0.749631
0.0879549
0.537939
0.337278
0.504491
0.690536
0.922392
0.232939
0.665885
0.0717779
0.644744
0.724312
0.472943
0.544526
0.301044
0.685704
0.825329
0.954221
0.940601
0.86608
0.85613
0.143831
0.0640657
0.130443
0.518375
0.256876
0.490584
0.994988
0.561365
0.240354
0.475348
0.297268
0.634117
0.34433
0.405487
0.154801
0.100778
0.258686
0.293768
0.799145
0.938055
0.772576
0.64632
0.743783
0.956615
0.249673
0.170554
0.0248375
0.196977
0.315899
0.136511
0.0532237
0.912147
0.263909
0.345395
0.946434
0.772214
0.218991
0.657837
0.477735
0.843416
0.427453
0.368167
0.74231
0.880416
0.213198
0.512525
0.494465
0.089573
0.175717
0.274336
0.104103
0.487575
0.7319
0.762017
0.870118
0.833279
0.309888
0.198084
0.980626
0.206842
0.94433
0.949819
0.604096
0.464719
0.680297
0.483271
0.769124
0.322207
0.781153
0.739201
0.497131
0.471957
0.279352
0.809758
0.124958
0.626865
0.437519
0.283194
0.293296
0.327313
0.0844426
0.908663
0.461075
0.778774
0.0549848
0.616131
0.814744
0.301843
0.378818
0.91282
0.0546505
0.587284
0.78713
0.429855
0.170801
0.886951
0.14799
0.67882
0.652126
0.547858
0.0537439
0.165202
0.988346
0.270667
0.148819
0.565339
0.0199439
0.207444
0.538633
0.38792
0.711527
0.517552
0.211641
0.668525
0.594501
0.564878
0.101769
0.251184
0.0331311
0.928219
0.677795
0.370688
0.677793
0.666107
0.714183
0.0746664
0.359192
0.793487
0.655553
0.0703365
0.440659
0.504716
0.629522
0.614785
0.0129164
0.203833
0.907311
0.703286
0.552367
0.417233
0.110243
0.800788
0.245584
0.418466
0.741626
0.609686
0.394692
0.388992
0.273938
0.31939
0.0106719
0.147346
0.203479
0.251572
0.27129
0.0792878
0.0853161
0.35856
0.348592
0.521978
0.608881
0.133974
0.263875
0.945938
0.600383
0.455348
0.196951
0.251721
0.990091
0.927216
0.555283
0.148062
0.432159
0.36982
0.558167
0.324593
0.849822
0.346443
0.737775
0.13928
0.514765
0.227281
0.940815
0.630038
0.905939
0.263519
0.518021
0.23086
0.00689132
0.411353
0.715834
0.808878
0.156287
0.820099
0.69607
0.317975
0.864165
0.380757
0.604615
0.502496
0.381112
0.71021
0.183871
0.59528
0.167325
0.863714
0.0301565
0.21749
0.334682
0.86018
0.468369
0.654898
0.948716
0.0281164
0.612987
0.580582
0.393877
0.40814
0.877734
0.274089
0.305929
0.0212948
0.204002
0.826578
0.807151
0.185719
0.118994
0.374127
0.385372
0.939844
0.117785
0.745953
0.91088
0.30414
0.715187
0.386743
0.648254
0.538146
0.761954
0.457251
0.907206
0.829019
0.180511
0.29692
0.457894
0.0793368
0.805198
0.540648
0.744219
0.252994
0.860651
0.0566285
0.600806
0.42589
0.97305
0.804007
0.386835
0.440648
0.72865
0.66854
0.486779
0.211304
0.926588
0.930336
0.377202
0.795783
0.953351
0.608481
0.235301
0.48929
0.670615
0.0947195
0.83408
0.510012
0.387911
0.749152
0.634104
0.190511
0.944566
0.681731
0.133483
0.684515
0.89077
0.1032
0.936867
0.210203
0.826524
0.693403
0.381129
0.172748
0.600899
0.596726
0.479959
0.382149
0.309319
0.624107
0.755704
0.418228
0.293309
0.362796
0.47354
0.925674
0.101904
0.854047
0.539451
0.397585
0.739016
0.231381
0.166635
0.204686
0.0578617
0.935049
0.157232
0.897366
0.311344
0.24424
0.0953364
0.992772
0.437677
0.694163
0.067364
0.30923
0.951742
0.209699
0.894051
0.274874
0.671299
0.294378
0.127845
0.72726
0.739832
0.261752
0.497684
0.805806
0.150877
0.366521
0.539415
0.0414198
0.511121
0.642011
0.853859
0.0196943
0.662991
0.0303735
0.110517
0.0485265
0.276336
0.788625
0.466719
0.176975
0.437146
0.531408
0.00540395
0.167631
0.953507
0.614949
0.327544
0.437096
0.303799
0.436023
0.887533
0.581085
0.61323
0.721627
0.381992
0.920936
0.664635
0.613992
0.122171
0.318087
0.103772
0.215081
0.990501
0.0433326
0.335779
0.458114
0.255212
0.0480921
0.14919
0.817248
0.245508
0.770291
0.177421
0.182418
0.231464
0.609861
0.992267
0.684194
0.219729
0.152832
0.31618
0.971498
0.73197
0.0175451
0.974883
0.226233
0.270408
0.130792
0.235514
0.314591
0.409161
0.88014
0.574161
0.186774
0.853095
0.482763
0.0844894
0.453243
0.656744
0.817898
0.552749
0.288833
0.635781
0.426431
0.505463
0.165596
0.779531
0.439603
0.368024
0.81859
0.724354
0.832178
0.978029
0.46975
0.137653
0.288893
0.355891
0.142789
0.504805
0.72603
0.452983
0.0788734
0.369941
0.237814
0.166822
0.0665963
0.029334
0.412214
0.268731
0.867593
0.146136
0.951867
0.582448
0.354229
0.136421
0.174965
0.770289
0.118705
0.758166
0.624905
0.751339
0.113627
0.983676
0.809364
0.0969422
0.84441
0.169515
0.76197
0.116673
0.36904
0.427317
0.340286
0.188969
0.516212
0.528435
0.11359
0.962533
0.778338
0.204833
0.233838
0.0107275
0.466114
0.849092
0.465788
0.137444
0.598731
0.628198
0.345475
0.694994
0.370551
0.521
0.918601
0.190193
0.138643
0.72327
0.0182873
0.478515
0.738999
0.369537
0.659772
0.50771
0.0992114
0.167526
0.533287
0.328253
0.687043
0.540691
0.689884
0.516645
0.191304
0.285699
0.163451
0.867922
0.41015
0.488815
0.466767
0.279145
0.363185
0.174069
0.896483
0.686921
0.592243
0.991771
0.33356
0.450352
0.923212
0.953441
0.942164
0.0952508
0.767293
0.468333
0.688655
0.382886
0.0569718
0.727382
0.754659
0.770721
0.548401
0.805942
0.325937
0.0914629
0.918087
0.436455
0.661448
0.315139
0.0622635
0.234204
0.785876
0.790541
0.845121
0.295903
0.866558
0.686012
0.950032
0.985609
0.300704
0.416268
0.162121
0.127605
0.598166
0.50699
0.105669
0.0901219
0.36886
0.666293
0.281049
0.886472
0.480927
0.757169
0.540561
0.119277
0.723943
0.0229303
0.111093
0.625042
0.360271
0.966765
0.144681
0.934553
0.567514
0.126709
0.0268807
0.683115
0.529684
0.256873
0.653432
0.348029
0.261226
0.115588
0.885823
0.81902
0.431389
0.877271
0.259502
0.744466
0.46333
0.39536
0.879711
0.171024
0.382522
0.814546
0.462477
0.626034
0.69871
0.433572
0.83799
0.664928
0.721135
0.333663
0.352614
0.108506
0.168989
0.636005
0.0123443
0.430404
0.310078
0.0384125
0.893711
0.443658
0.44194
0.125501
0.76135
0.342207
0.633346
0.10078
0.882468
0.896633
0.243749
0.841959
0.114936
0.723695
0.0226787
0.00801717
0.161712
0.989592
0.819541
0.683225
0.438646
0.66847
0.107347
0.566002
0.685865
0.55806
0.601351
0.0771133
0.816076
0.0628071
0.557379
0.00217047
0.28666
0.986851
0.18272
0.636506
0.779775
0.0451127
0.0937693
0.378244
0.576952
0.54329
0.143539
0.510696
0.690267
0.40179
0.511902
0.83749
0.139365
0.842064
0.80067
0.253815
0.133706
0.941161
0.0259167
0.968696
0.32743
0.299153
0.603648
0.220946
0.550845
0.934965
0.906887
0.257173
0.569703
0.924551
0.610775
0.0700414
0.391229
0.961268
0.601697
0.511218
0.406381
0.762433
0.941163
0.517472
0.296445
0.226582
0.79692
0.42888
0.275444
0.165165
0.975023
0.0961161
0.654465
0.97047
0.269506
0.222477
0.702351
0.841631
0.958999
0.0759726
0.164055
0.714854
0.644591
0.577236
0.434023
0.573819
0.000233477
0.468522
0.672345
0.508515
0.622661
0.80171
0.135958
0.0413531
0.320536
0.778188
0.895785
0.596705
0.693219
0.765936
0.120669
0.549767
0.950722
0.137599
0.702171
0.14073
0.425438
0.922904
0.575391
0.82948
0.537782
0.441857
0.974192
0.990846
0.712202
0.0902024
0.22706
0.72515
0.288303
0.98213
0.384698
0.901323
0.263312
0.0996005
0.563281
0.508426
0.317288
0.694941
0.226554
0.51521
0.871077
0.445059
0.0902501
0.27502
0.00246049
0.336494
0.875514
0.153557
0.370819
0.862296
0.7558
0.949927
0.955655
0.0843063
0.557239
0.0565241
0.663977
0.202235
0.6707
0.0260279
0.398586
0.513148
0.40044
0.815426
0.83133
0.277463
0.488747
0.520676
0.415445
0.714984
0.419715
0.332858
0.570437
0.862674
0.00380531
0.810962
0.163258
0.188877
0.278811
0.272308
0.641251
0.0322696
0.465506
0.407593
0.604982
0.215958
0.608569
0.87726
0.364224
0.956831
0.526208
0.791413
0.204332
0.516801
0.0856919
0.591298
0.373402
0.987202
0.179235
0.672447
0.36839
0.91312
0.532701
0.729958
0.478941
0.408369
0.70217
0.385224
0.42556
0.232776
0.244027
0.235627
0.685735
0.702136
0.484985
0.793862
0.0761342
0.120416
0.588675
0.0670019
0.442807
0.677119
0.720023
0.0359858
0.6585
0.611938
0.890717
0.222624
0.256611
0.763843
0.802755
0.305613
0.723443
0.0410674
0.7591
0.606193
0.575115
0.820323
0.630206
0.826612
0.468808
0.694241
0.520721
0.278029
0.761639
0.707605
0.0468728
0.287774
0.154023
0.642884
0.403855
0.47009
0.897454
0.585278
0.455238
0.27704
0.841058
0.77932
0.287258
0.758954
0.870345
0.912813
0.0119778
0.221197
0.919092
0.233486
0.584846
0.0774992
0.490232
0.728453
0.506478
0.169123
0.709776
0.479836
0.691396
0.998154
0.513794
0.0357868
0.897682
0.832137
0.8174
0.122219
0.382031
0.502265
0.222027
0.278929
0.420109
0.178785
0.734697
0.86616
0.366983
0.37382
0.964217
0.647366
0.859384
0.459847
0.512415
0.768812
0.459232
0.502624
0.0539136
0.983681
0.712865
0.0862667
0.122299
0.419911
0.321683
0.351073
0.987179
0.399124
0.218138
0.951073
0.148534
0.288
0.00855031
0.485348
0.488083
0.0384371
0.722809
0.486216
0.225263
0.166127
0.203454
0.439335
0.104744
0.607778
0.915602
0.423609
0.38369
0.784437
0.446381
0.0254428
0.619392
0.381422
0.630023
0.375615
0.934212
0.106074
0.0709422
0.66863
0.851557
0.558791
0.769045
0.0422732
0.287736
0.332892
0.799254
0.467699
0.11294
0.0756191
0.592933
0.602658
0.00394324
0.829961
0.166935
0.775704
0.723406
0.0468575
0.848323
0.429696
0.781572
0.641142
0.543104
0.0404497
0.620053
0.288896
0.776533
0.415668
0.634355
0.970231
0.495049
0.328382
0.861315
0.916276
0.385147
0.836475
0.969547
0.476447
0.428111
0.418845
0.631493
0.11266
0.875018
0.107883
0.535474
0.255223
0.871955
0.00385051
0.684839
0.617212
0.396869
0.778448
0.152552
0.519576
0.290168
0.398969
0.524263
0.710975
0.194465
0.400818
0.842053
0.853434
0.205212
0.608157
0.269933
0.664213
0.910873
0.569024
0.0791257
0.310543
0.224828
0.89077
0.835777
0.713915
0.896878
0.223008
0.170224
0.307494
0.859826
0.168143
0.316478
0.143741
0.654275
0.623634
0.132189
0.617493
0.402839
0.606452
0.62893
0.35157
0.938665
0.548537
0.888909
0.282837
0.403196
0.0764129
0.485055
0.121337
0.460468
0.772712
0.89367
0.156527
0.757877
0.352819
0.268917
0.509877
0.788334
0.855293
0.660522
0.150612
0.52163
0.21372
0.356173
0.41634
0.0256332
0.652414
0.503533
0.724966
0.0896204
0.304131
0.504157
0.135883
0.46841
0.648361
0.106046
0.0983545
0.412148
0.492561
0.45996
0.489291
0.0940699
0.570446
0.0493673
0.930412
0.444484
0.530064
0.720501
0.946323
0.417212
0.517071
0.148429
0.268119
0.0363894
0.0301174
0.328603
0.0472636
0.403406
0.397488
0.855622
0.434516
0.462615
0.296466
0.710457
0.396991
0.864345
0.186262
0.476578
0.158911
0.831611
0.55067
0.601342
0.283813
0.102358
0.569858
0.387664
0.584173
0.66695
0.0744051
0.26543
0.693528
0.895145
0.927579
0.921958
0.361737
0.5718
0.217223
0.307357
0.508058
0.355358
0.0384345
0.927355
0.917626
0.0831873
0.41393
0.511
0.0329039
0.189776
0.519393
0.736475
0.505499
0.275546
0.966138
0.902867
0.193983
0.641348
0.212618
0.401565
0.309841
0.227796
0.92147
0.946387
0.0957519
0.15644
0.236507
0.937471
0.444803
0.335269
0.394005
0.845143
0.762386
0.244023
0.619852
0.877707
0.681851
0.34538
0.176653
0.564903
0.699072
0.802342
0.969555
0.673931
0.883912
0.672541
0.805242
0.541557
0.881299
0.667857
0.178325
0.743356
0.467269
0.0858347
0.73014
0.0832151
0.929874
0.886328
0.742797
0.238614
0.836289
0.6463
0.909935
0.263191
0.647931
0.253396
0.452956
0.795758
0.710714
0.864561
0.503807
0.35934
0.169977
0.796732
0.6351
0.624485
0.261748
0.074445
0.736932
0.852037
0.82827
0.642027
0.274541
0.888482
0.369691
0.355398
0.257465
0.759396
0.00644344
0.498255
0.4776
0.0824264
0.750468
0.127476
0.548831
0.896642
0.747916
0.272957
0.807412
0.19452
0.490919
0.138856
0.579851
0.182734
0.854953
0.541895
0.679699
0.368513
0.966517
0.977449
0.579637
0.445364
0.517159
0.974573
0.679137
0.456485
0.935024
0.489389
0.168063
0.658447
0.742152
0.739655
0.396439
0.0397873
0.273326
0.483838
0.589001
0.648676
0.422508
0.646957
0.497554
0.516167
0.376187
0.43762
0.68436
0.253201
0.429722
0.446631
0.636088
0.000145292
0.499892
0.803612
0.112604
0.616904
0.334541
0.660498
0.947922
0.346423
0.934174
0.647055
0.0143017
0.28203
0.628681
0.217184
0.580944
0.696956
0.545315
0.345598
0.904953
0.414669
0.462453
0.814141
0.940396
0.125308
0.0319114
0.521194
0.507964
0.411123
0.430936
0.857531
0.701958
0.425071
0.147412
0.84273
0.670204
0.344031
0.921525
0.13518
0.85401
0.831246
0.626937
0.00389078
0.730447
0.973871
0.0820987
0.393486
0.0676577
0.244515
0.259147
0.52019
0.301898
0.561887
0.732494
0.201065
0.277383
0.0348885
0.673773
0.305619
0.238401
0.00125947
0.0717507
0.883962
0.940629
0.289931
0.463415
0.786785
0.876195
0.345612
0.214962
0.598236
0.974167
0.213362
0.522378
0.732059
0.890079
0.178155
0.843044
0.157306
0.633658
0.214664
0.916171
0.746678
0.853438
0.408294
0.00116185
0.805222
0.0568071
0.526399
0.879334
0.791639
0.532708
0.524665
0.294083
0.444186
0.459985
0.810475
0.810972
0.442733
0.699992
0.305766
0.603096
0.857036
0.416482
0.303488
0.269119
0.899672
0.762991
0.711796
0.25293
0.0781952
0.895324
0.335874
0.621976
0.191984
0.691655
0.398283
0.649209
0.96161
0.107432
0.441349
0.0919851
0.260609
0.664448
0.594487
0.326629
0.259409
0.972247
0.22979
0.186254
0.875971
0.654219
0.19679
0.59735
0.377582
0.904932
0.377366
0.499299
0.62398
0.133454
0.3043
0.809873
0.350991
0.197639
0.0073759
0.974442
0.178568
0.963824
0.183196
0.0924809
0.513584
0.197069
0.365456
0.367368
0.84277
0.850478
0.30193
0.184816
0.835365
0.667148
0.599957
0.00300761
0.397597
0.930717
0.811615
0.112174
0.410996
0.983329
0.382047
0.138413
0.0527987
0.710527
0.281367
0.162585
0.115602
0.447615
0.512589
0.460919
0.8486
0.547963
0.803074
0.771821
0.77115
0.42035
0.653475
0.28675
0.423231
0.401544
0.575058
0.872551
0.321247
0.939329
0.977096
0.279411
0.106944
0.712185
0.600731
0.689785
0.00809164
0.15864
0.484089
0.896782
0.0132876
0.787793
0.657026
0.740974
0.102119
0.749011
0.701315
0.546421
0.759604
0.158473
0.167582
0.152481
0.663885
0.621834
0.891357
0.321992
0.135374
0.291345
0.69682
0.729427
0.203417
0.743298
0.496223
0.145813
0.676157
0.292987
0.606794
0.795138
0.309309
0.914921
0.483682
0.457782
0.729558
0.163758
0.259704
0.256256
0.998995
0.256835
0.317098
0.668864
0.20609
0.464964
0.696907
0.584254
0.24434
0.585121
0.169895
0.0846762
0.523143
0.141958
0.785453
0.548414
0.47878
0.58145
0.369108
0.31241
0.923482
0.334684
0.348076
0.306932
0.00513721
0.92797
0.781991
0.136143
0.581128
0.542222
0.0476289
0.427396
0.0276898
0.036929
0.179053
0.251669
0.566503
0.536348
0.921274
0.537923
0.798445
0.502242
0.554342
0.0194969
0.903893
0.291738
0.853433
0.766304
0.357843
0.285701
0.961
0.354402
0.421588
0.556384
0.748909
0.95474
0.205668
0.282773
0.917881
0.992666
0.444916
0.780612
0.35431
0.715375
0.256976
0.354306
0.712994
0.867834
0.101462
0.301094
0.171696
0.598126
0.633586
0.0613298
0.292175
0.714346
0.2093
0.892151
0.79482
0.545615
0.381424
0.71636
0.736582
0.582876
0.508897
0.511623
0.0813648
0.373344
0.150822
0.840453
0.196526
0.663308
0.488073
0.485283
0.703561
0.427734
0.478398
0.500484
0.696894
0.543391
0.324891
0.202964
0.192371
0.981959
0.748682
0.671721
0.765359
0.781358
0.956075
0.874511
0.224801
0.0504087
0.854411
0.900371
0.204184
0.460382
0.244899
0.25478
0.587646
0.0221095
0.715009
0.954801
0.440449
0.48807
0.846392
0.734341
0.377431
0.655318
0.449443
0.00472511
0.643152
0.708489
0.351039
0.701023
0.00277932
0.155431
0.28244
0.0050891
0.180623
0.13306
0.835093
0.920851
0.202828
0.909234
0.367792
0.344314
0.644933
0.905388
0.521482
0.00699462
0.20119
0.706251
0.123324
0.972589
0.373757
0.73763
0.175267
0.381757
0.231066
0.621851
0.715506
0.647904
0.386446
0.759576
0.429848
0.564627
0.913545
0.121458
0.640209
0.084121
0.623727
0.213716
0.0907164
0.109898
0.334872
0.882785
0.93801
0.182796
0.352968
0.134364
0.18281
0.0829588
0.242835
0.387464
0.132662
0.126832
0.49904
0.889705
0.555998
0.0342741
0.373786
0.61481
0.582755
0.288147
0.938311
0.519738
0.67086
0.503346
0.515019
0.472814
0.39337
0.0866505
0.0204583
0.188974
0.60981
0.930791
0.080315
0.135274
0.676967
0.162693
0.908165
0.235407
0.243125
0.0527568
0.889612
0.84459
0.142876
0.640602
0.784965
0.534278
0.0720962
0.0589943
0.511051
0.263799
0.371618
0.295276
0.130219
0.944975
0.902294
0.78251
0.361233
0.960617
0.262142
0.342076
0.867262
0.364696
0.660113
0.462987
0.338979
0.320855
0.926579
0.030867
0.753787
0.119937
0.718659
0.753727
0.0427511
0.337431
0.406729
0.321101
0.41998
0.501478
0.685703
0.325078
0.0151692
0.290637
0.876741
0.723313
0.0197279
0.96219
0.343674
0.799443
0.454518
0.381158
0.00041033
0.0735426
0.947298
0.798931
0.974616
0.881966
0.76049
0.148638
0.627262
0.464631
0.84233
0.31836
0.239115
0.519447
0.349442
0.0244409
0.382016
0.637795
0.450679
0.522779
0.033854
0.713555
0.834604
0.128279
0.573437
0.693197
0.243492
0.584818
0.315341
0.0736162
0.892455
0.970822
0.489994
0.893343
0.740112
0.988848
0.225567
0.912073
0.978693
0.854516
0.531895
0.0855747
0.976938
0.180348
0.368555
0.397511
0.752161
0.981121
0.493193
0.820741
0.181169
0.0230223
0.271167
0.0712484
0.208122
0.215858
0.273251
0.381616
0.939636
0.741595
0.503337
0.760289
0.694875
0.699383
0.883222
0.536192
0.116725
0.612604
0.64939
0.689257
0.822879
0.283464
0.749083
0.808789
0.724757
0.785032
0.932852
0.449662
0.507458
0.818207
0.453291
0.746932
0.520174
0.948814
0.667017
0.409729
0.97473
0.633461
0.349398
0.267838
0.306696
0.506239
0.0530443
0.925398
0.0600893
0.887638
0.680202
0.37484
0.644143
0.78942
0.369259
0.348123
0.460716
0.783912
0.995811
0.376714
0.550541
0.871733
0.565618
0.809602
0.787127
0.826937
0.341366
0.46632
0.997147
0.706187
0.990048
0.431594
0.479373
0.585062
0.076882
0.0521362
0.354072
0.640306
0.734501
0.766129
0.554531
0.864518
0.530863
0.567207
0.960465
0.386995
0.301631
0.221968
0.528227
0.0943178
0.914917
0.838721
0.141744
0.987617
0.276711
0.598783
0.770631
0.77997
0.0629668
0.912544
0.0877231
0.104673
0.51976
0.409272
0.879286
0.774272
0.864831
0.741
0.736242
0.726291
0.730585
0.306684
0.100981
0.490354
0.0977593
0.884323
0.398205
0.577078
0.0435736
0.164948
0.879043
0.990647
0.949819
0.739106
0.474192
0.421605
0.932054
0.458374
0.11771
0.00324625
0.252509
0.777323
0.636241
0.12498
0.132449
0.0973588
0.205808
0.29949
0.0653045
0.683566
0.825543
0.648673
0.0369641
0.759034
0.644619
0.468336
0.513294
0.459486
0.920704
0.227021
0.490823
0.151546
0.261051
0.30186
0.812171
0.821838
0.33444
0.152476
0.261854
0.734624
0.779736
0.900439
0.39893
0.691495
0.0518143
0.17496
0.89441
0.0660947
0.522382
0.918811
0.753667
0.591442
0.476959
0.373697
0.818728
0.434575
0.942766
0.256715
0.301898
0.283171
0.102243
0.967637
0.888246
0.348803
0.0131616
0.373877
0.465074
0.911174
0.338116
0.484047
0.645624
0.469009
0.644783
0.83683
0.987054
0.287198
0.287499
0.5214
0.0721846
0.61737
0.290884
0.207323
0.309374
0.141666
0.425652
0.0720916
0.57338
0.52874
0.809487
0.456333
0.44789
0.131481
0.298196
0.682373
0.262539
0.949392
0.439856
0.723385
0.670027
0.912777
0.530187
0.411598
0.665721
0.690772
0.600624
0.460192
0.481022
0.396787
0.62226
0.729801
0.824354
0.389007
0.763439
0.325157
0.617613
0.410564
0.543904
0.498268
0.196829
0.130194
0.224829
0.50379
0.377939
0.428228
0.127392
0.510479
0.66761
0.208824
0.719584
0.405146
0.665739
0.108297
0.858331
0.917908
0.26621
0.738011
0.0499954
0.0498854
0.215811
0.288011
0.425976
0.210165
0.588882
0.475693
0.274383
0.935033
0.231607
0.375641
0.916026
0.320455
0.370562
0.371265
0.546914
0.583586
0.215145
0.221436
0.821083
0.688813
0.932682
0.799569
0.136202
0.204295
0.306782
0.804697
0.526658
0.679988
0.179951
0.670366
0.219936
0.842836
0.574001
0.632129
0.926741
0.898608
0.41039
0.997756
0.117438
0.649654
0.251802
0.497629
0.0762533
0.0697682
0.510108
0.493028
0.793181
0.781226
0.447528
0.0555034
0.938536
0.0227559
0.317166
0.631629
0.00744017
0.398415
0.573577
0.338231
0.237795
0.622293
0.594253
0.25463
0.942543
0.963407
0.2105
0.46151
0.31217
0.217844
0.577569
0.407281
0.319771
0.624764
0.224298
0.782914
0.239013
0.493281
0.62361
0.961124
0.276418
0.877558
0.323786
0.651508
0.603254
0.45513
0.930862
0.751822
0.267524
0.0507001
0.891546
0.280313
0.712049
0.820973
0.15726
0.61279
0.527472
0.720275
0.285365
0.538602
0.644028
0.272346
0.536237
0.134997
0.503801
0.675996
0.856521
0.282393
0.53036
0.346634
0.483916
0.366432
0.815279
0.172809
0.425082
0.30489
0.792837
0.692187
0.829839
0.567054
0.06952
0.163729
0.724146
0.739051
0.671316
0.427993
0.163312
0.612967
0.547784
0.206246
0.230067
0.931618
0.58129
0.615169
0.483617
0.59975
0.26799
0.980454
0.726356
0.0893987
0.0538995
0.124061
0.125273
0.505452
0.960508
0.874109
0.704599
0.0607203
0.140528
0.421217
0.304662
0.461706
0.418458
0.315475
0.805075
0.653198
0.32661
0.572394
0.0421892
0.47927
0.615733
0.264265
0.642464
0.673773
0.328205
0.052997
0.841465
0.642994
0.209776
0.114581
0.527572
0.144556
0.406461
0.671028
0.689692
0.433603
0.256244
0.335009
0.0824958
0.926947
0.381154
0.501064
0.35781
0.540274
0.419015
0.583418
0.275358
0.752375
0.327005
0.597627
0.0902871
0.551418
0.0943115
0.268766
0.828112
0.773381
0.394619
0.767722
0.36149
0.717851
0.530919
0.505437
0.371783
0.0602912
0.959457
0.272362
0.872461
0.153855
0.514752
0.031419
0.993291
0.835658
0.202439
0.00106019
0.291475
0.432154
0.386207
0.024565
0.226361
0.875611
0.430345
0.380572
0.706889
0.86111
0.410958
0.541515
0.609651
0.226873
0.0644711
0.667289
0.977223
0.366126
0.958501
0.242478
0.678233
0.336895
0.275657
0.0302557
0.812411
0.196803
0.200338
0.271416
0.792597
0.742586
0.419196
0.506198
0.525954
0.485226
0.879506
0.72095
0.412319
0.671933
0.808407
0.338141
0.362319
0.214793
0.644905
0.710046
0.793136
0.715157
0.662653
0.289313
0.201181
0.213908
0.446219
0.390027
0.800785
0.540314
0.63839
0.823692
0.527422
0.531078
0.181892
0.920784
0.622853
0.729941805
0.0142317
0.724404
0.966052
0.900508
0.673796
0.542049
0.848294
0.589311
0.477985
0.124389
0.857118
0.0389043
0.381729
0.181367
0.987338
0.232457
0.312621
0.563129
0.191805
0.302778
0.949952
0.719911
0.931901
0.646812
0.131787
0.168792
0.535022
0.715508
0.728811
0.555478
0.669698
0.144957
0.975496
0.986954
0.229566
0.813583
0.710708
0.683744
0.184816
0.130006
0.282938
0.191531
0.693005
0.0603294
0.801334
0.105444
0.275836
0.672218
0.136646
0.0682534
0.650961
0.743004
0.762376
0.957608
0.0740142
0.637337
0.481704
0.118283
0.394832
0.928091
0.940356
0.761347
0.226883
0.391761
0.18301
0.756871
0.607076
0.38529
0.573851
0.614674
0.142571
0.909604
0.640767
0.292627
0.280709
0.663541
0.849761
0.0282078
0.337705
0.750736
0.81006
0.471713
0.260411
0.0432476
0.230608
0.030377
0.683552
0.350936
0.29988
0.723738
0.599662
0.0537009
0.47566
0.414922
0.529656
0.131774
0.494047
0.792623
0.099953
0.868843
0.0376634
0.34478
0.199315
0.316717
0.276058
0.38545
0.113724
0.556747
0.0154163
0.697098
0.691517
0.316259
0.629413
0.43533
0.447154
0.95723
0.0100312
0.0734664
0.0959985
0.293151
0.149584
0.0427015
0.995144
0.0393461
0.536128
0.800701
0.731619
0.672363
0.867032
0.49167
0.145795
0.662135
0.707399
0.423202
0.177979
0.640799
0.982
0.39193
0.581528
0.719977
0.0358749
0.0834881
0.879309
0.837213
0.654696
0.45222
0.903027
0.990674
0.7358
0.368441
0.463639
0.211829
0.951152
0.361373
0.925769
0.245728
0.0134839
0.807879
0.397308
0.910896
0.445592
0.168063
0.689865
0.925181
0.176131
0.49962
0.973048
0.680331
0.460245
0.379767
0.596676
0.439278
0.328764
0.813902
0.152254
0.265628
0.869478
0.27953
0.520505
0.226875
0.0610063
0.384999
0.931072
0.0307723
0.0514509
0.414156
0.139609
0.178073
0.38668
0.00288403
0.441407
0.635882
0.227677
0.241706
0.98385
0.0647407
0.125562
0.820751
0.0925642
0.464707
0.34215
0.939554
0.990284
0.85869
0.256955
0.679419
0.835075
0.278258
0.596723
0.473755
0.143052
0.454002
0.448831
0.268036
0.904602
0.189756
0.75039
0.921708
0.134897
0.681816
0.768497
0.136619
0.654788
0.469721
0.355261
0.699915
0.222079
0.90561
0.549562
0.551071
0.484643
0.758709
0.449093
0.68253
0.784285
0.93271
0.0736959
0.73035
0.837582
0.465013
0.392261
0.435572
0.778592
0.833313
0.256617
0.971283
0.976865
0.600689
0.503354
0.663316
0.923417
0.902304
0.0149384
0.999211
0.77583
0.264424
0.806002
0.589076
0.994439
0.622171
0.271804
0.6989
0.285166
0.867499
0.458884
0.818865
0.980717
0.8982
0.98026
0.16733
0.852211
0.144507
0.450925
0.238821
0.08239
0.882972
0.131336
0.698968
0.371819
0.225368
0.649003
0.239588
0.604029
0.258515
0.572471
0.857014
0.752086
0.816688
0.114037
0.181159
0.014819
0.518885
0.0737782
0.712462
0.379429
0.570954
0.772826
0.261048
0.0724482
0.160978
0.796606
0.897851
0.704046
0.617001
0.869459
0.598974
0.743817
0.345754
0.964037
0.590531
0.303092
0.415043
0.191869
0.90226
0.999509
0.365588
0.365254
0.912208
0.930383
0.862543
0.749811
0.322872
0.043018
0.489345
0.0983941
0.761845
0.571985
0.510442
0.609776
0.614484
0.126905
0.294144
0.766584
0.472112
0.192447
0.920328
0.439464
0.500378
0.650657
0.662703
0.0470817
0.0917995
0.676712
0.382974
0.892761
0.862489
0.603079
0.37575
0.613451
0.976502
0.360342
0.796996
0.2749
0.981213
0.827243
0.490816
0.589901
0.327659
0.720517
0.899051
0.452419
0.998421
0.0746539
0.910061
0.731913
0.582756
0.847418
0.778193
0.857528
0.779047
0.295979
0.030538
0.568373
0.200946
0.636672
0.288195
0.180134
0.43707
0.884175
0.59463
0.550926
0.166821
0.968631
0.595341
0.566146
0.390804
0.666644
0.488098
0.360228
0.74464
0.357893
0.279354
0.464518
0.829105
0.555184
0.888436
0.472739
0.4629
0.882107
0.0203557
0.481478
0.747805
0.934827
0.149045
0.206076
0.816531
0.977232
0.0381064
0.478117
0.427783
0.844575
0.86726
0.323358
0.681437
0.158956
0.650548
0.0471008
0.123159
0.166698
0.0124777
0.189788
0.594754
0.290673
0.0149611
0.0196725
0.564476
0.341857
0.646298
0.921293
0.416774
0.121982
0.809939
0.897588
0.648548
0.701012
0.571211
0.149449
0.731136
0.142826
0.0241018
0.513823
0.00817873
0.818262
0.0812835
0.101093
0.929278
0.204998
0.297213
0.631101
