0.0758057
0.0758057
0.500977
0.500977
0.563416
0.563416
0.808228
0.808228
0.15625
0.15625
0.780212
0.780212
0.49707
0.49707
0.000671387
0.000671387
0.708801
0.708801
0.278259
0.278259
0.754211
0.754211
0.182861
0.182861
0.125488
0.125488
0.690674
0.690674
0.826965
0.826965
0.396362
0.396362
0.9198
0.9198
0.252136
0.252136
0.217712
0.217712
0.570618
0.570618
0.120605
0.120605
0.69928
0.69928
0.323059
0.323059
0.764221
0.764221
0.512085
0.512085
0.800049
0.800049
0.103577
0.103577
0.75061
0.75061
0.38678
0.38678
0.770813
0.770813
0.824036
0.824036
0.611877
0.611877
0.679443
0.679443
0.581665
0.581665
0.819519
0.819519
0.73877
0.73877
0.292297
0.292297
0.718201
0.718201
0.968567
0.968567
0.765564
0.765564
0.588196
0.588196
0.0352173
0.0352173
0.944397
0.944397
0.481201
0.481201
0.604431
0.604431
0.731445
0.731445
0.662964
0.662964
0.386292
0.386292
0.0783081
0.0783081
0.945984
0.945984
0.0506592
0.0506592
0.537231
0.537231
0.103455
0.103455
0.677979
0.677979
0.171692
0.171692
0.489685
0.489685
0.764893
0.764893
0.852112
0.852112
0.540649
0.540649
0.74353
0.74353
0.462708
0.462708
0.116455
0.116455
0.791504
0.791504
0.64856
0.64856
0.558167
0.558167
0.52179
0.52179
0.425293
0.425293
0.25708
0.25708
0.367615
0.367615
0.581116
0.581116
0.275208
0.275208
0.883484
0.883484
0.438354
0.438354
0.957336
0.957336
0.915649
0.915649
0.461914
0.461914
0.59375
0.59375
0.115662
0.115662
0.165771
0.165771
0.999939
0.999939
0.24939
0.24939
0.855347
0.855347
0.32373
0.32373
0.190613
0.190613
0.285828
0.285828
0.360229
0.360229
0.206909
0.206909
0.548645
0.548645
0.692688
0.692688
0.214417
0.214417
0.188354
0.188354
0.565125
0.565125
0.436646
0.436646
0.789551
0.789551
0.550598
0.550598
0.924988
0.924988
0.0609131
0.0609131
0.651062
0.651062
0.740845
0.740845
0.357971
0.357971
0.135193
0.135193
0.95929
0.95929
0.312561
0.312561
0.450195
0.450195
0.681152
0.681152
0.281555
0.281555
0.979614
0.979614
0.0975342
0.0975342
0.349365
0.349365
0.542358
0.542358
0.423401
0.423401
0.947144
0.947144
0.144653
0.144653
0.7901
0.7901
0.0892334
0.0892334
0.522095
0.522095
0.763855
0.763855
0.154175
0.154175
0.991272
0.991272
0.503052
0.503052
0.0106201
0.0106201
0.269653
0.269653
0.43573
0.43573
0.159546
0.159546
0.357056
0.357056
0.709106
0.709106
0.210571
0.210571
0.959412
0.959412
0.892395
0.892395
0.10614
0.10614
0.205017
0.205017
0.686707
0.686707
0.47699
0.47699
0.244751
0.244751
0.833923
0.833923
0.517151
0.517151
0.0022583
0.0022583
0.802673
0.802673
0.0927124
0.0927124
0.242737
0.242737
0.0444946
0.0444946
0.329529
0.329529
0.156616
0.156616
0.714294
0.714294
0.22522
0.22522
0.617615
0.617615
0.897156
0.897156
0.493042
0.493042
0.682861
0.682861
0.312744
0.312744
0.881409
0.881409
0.24176
0.24176
0.116028
0.116028
0.676147
0.676147
0.631165
0.631165
0.0130615
0.0130615
0.580994
0.580994
0.187073
0.187073
0.484802
0.484802
0.514465
0.514465
0.824341
0.824341
0.344849
0.344849
0.136597
0.136597
0.563354
0.563354
0.776733
0.776733
0.019165
0.019165
0.694641
0.694641
0.150513
0.150513
0.310913
0.310913
0.623108
0.623108
0.336182
0.336182
0.663513
0.663513
0.543884
0.543884
0.906799
0.906799
0.698547
0.698547
0.993347
0.993347
0.480164
0.480164
0.578491
0.578491
0.420715
0.420715
0.922974
0.922974
0.676636
0.676636
0.0350342
0.0350342
0.988708
0.988708
0.176697
0.176697
0.332275
0.332275
0.155762
0.155762
0.708008
0.708008
0.414307
0.414307
0.584717
0.584717
0.933472
0.933472
0.636719
0.636719
0.00152588
0.00152588
0.750916
0.750916
0.214783
0.214783
0.622742
0.622742
0.0424194
0.0424194
0.97821
0.97821
0.448059
0.448059
0.796631
0.796631
0.291748
0.291748
0.822998
0.822998
0.354431
0.354431
0.717773
0.717773
0.0565186
0.0565186
0.801025
0.801025
0.505188
0.505188
0.0404663
0.0404663
0.444214
0.444214
0.258911
0.258911
0.65271
0.65271
0.203003
0.203003
0.605591
0.605591
0.35553
0.35553
0.748962
0.748962
0.383362
0.383362
0.662109
0.662109
0.485718
0.485718
0.818787
0.818787
0.411865
0.411865
0.455566
0.455566
0.090332
0.090332
0.522339
0.522339
0.846252
0.846252
0.375061
0.375061
0.985168
0.985168
0.683655
0.683655
0.228821
0.228821
0.520142
0.520142
0.854919
0.854919
0.247559
0.247559
0.975586
0.975586
0.47998
0.47998
0.659424
0.659424
0.401489
0.401489
0.486206
0.486206
0.604248
0.604248
0.110596
0.110596
0.682434
0.682434
0.472534
0.472534
0.0424805
0.0424805
0.713623
0.713623
0.106506
0.106506
0.936523
0.936523
0.010376
0.010376
0.393616
0.393616
0.756775
0.756775
0.0652466
0.0652466
0.642456
0.642456
0.875366
0.875366
0.425354
0.425354
0.720398
0.720398
0.146362
0.146362
0.703796
0.703796
0.456787
0.456787
0.0401001
0.0401001
0.926392
0.926392
0.153442
0.153442
0.381836
0.381836
0.0200806
0.0200806
0.850281
0.850281
0.320251
0.320251
0.575867
0.575867
0.274536
0.274536
0.83728
0.83728
0.300293
0.300293
0.173706
0.173706
0.66687
0.66687
0.119751
0.119751
0.370422
0.370422
0.687134
0.687134
0.20697
0.20697
0.700684
0.700684
0.615356
0.615356
0.809814
0.809814
0.180298
0.180298
0.53894
0.53894
0.916077
0.916077
0.626831
0.626831
0.497131
0.497131
0.780579
0.780579
0.520203
0.520203
0.304626
0.304626
0.423828
0.423828
0.741394
0.741394
0.804993
0.804993
0.378967
0.378967
0.876892
0.876892
0.268494
0.268494
0.0303345
0.0303345
0.614624
0.614624
0.760437
0.760437
0.411926
0.411926
0.281128
0.281128
0.902405
0.902405
0.447754
0.447754
0.575989
0.575989
0.969543
0.969543
0.216003
0.216003
0.815063
0.815063
0.430908
0.430908
0.272827
0.272827
0.607605
0.607605
0.122742
0.122742
0.383606
0.383606
0.798523
0.798523
0.198547
0.198547
0.891052
0.891052
0.105408
0.105408
0.298096
0.298096
0.502869
0.502869
0.377625
0.377625
0.597168
0.597168
0.740662
0.740662
0.974121
0.974121
0.0180664
0.0180664
0.911316
0.911316
0.228699
0.228699
0.100464
0.100464
0.814392
0.814392
0.450684
0.450684
0.32843
0.32843
0.876465
0.876465
0.399841
0.399841
0.486816
0.486816
0.356934
0.356934
0.667297
0.667297
0.102905
0.102905
0.551819
0.551819
0.00756836
0.00756836
0.93811
0.93811
0.579102
0.579102
0.887695
0.887695
0.156921
0.156921
0.945312
0.945312
0.629456
0.629456
0.768738
0.768738
0.973572
0.973572
0.0806885
0.0806885
0.826355
0.826355
0.015686
0.015686
0.958496
0.958496
0.128418
0.128418
0.906982
0.906982
0.23938
0.23938
0.104431
0.104431
0.306885
0.306885
0.012146
0.012146
0.993713
0.993713
0.328003
0.328003
0.937256
0.937256
0.274841
0.274841
0.622314
0.622314
0.0552979
0.0552979
0.44574
0.44574
0.773376
0.773376
0.0965576
0.0965576
0.737549
0.737549
0.613037
0.613037
0.368713
0.368713
0.137451
0.137451
0.784363
0.784363
0.0177002
0.0177002
0.89801
0.89801
0.320557
0.320557
0.860474
0.860474
0.271301
0.271301
0.990845
0.990845
0.443176
0.443176
0.240601
0.240601
0.777954
0.777954
0.297607
0.297607
0.62915
0.62915
0.988281
0.988281
0.268677
0.268677
0.815186
0.815186
0.496887
0.496887
0.17981
0.17981
0.591492
0.591492
0.733032
0.733032
0.43158
0.43158
0.271851
0.271851
0.526611
0.526611
0.790894
0.790894
0.695557
0.695557
0.954529
0.954529
0.609558
0.609558
0.731018
0.731018
0.139587
0.139587
0.649353
0.649353
0.168457
0.168457
0.473145
0.473145
0.824951
0.824951
0.309692
0.309692
0.941345
0.941345
0.175903
0.175903
0.507507
0.507507
0.1073
0.1073
0.697571
0.697571
0.842957
0.842957
0.285156
0.285156
0.590332
0.590332
0.161255
0.161255
0.797974
0.797974
0.074585
0.074585
0.618103
0.618103
0.210083
0.210083
0.639709
0.639709
0.886292
0.886292
0.5755
0.5755
0.351318
0.351318
0.189697
0.189697
0.516907
0.516907
0.791992
0.791992
0.335449
0.335449
0.0304565
0.0304565
0.933655
0.933655
0.301147
0.301147
0.972473
0.972473
0.627075
0.627075
0.0617676
0.0617676
0.580139
0.580139
0.997742
0.997742
0.739868
0.739868
0.409485
0.409485
0.11438
0.11438
0.915161
0.915161
0.467285
0.467285
0.0947266
0.0947266
0.697266
0.697266
0.227478
0.227478
0.937073
0.937073
0.773865
0.773865
0.200073
0.200073
0.357544
0.357544
0.7146
0.7146
0.0448608
0.0448608
0.564636
0.564636
0.454651
0.454651
0.759583
0.759583
0.89502
0.89502
0.122986
0.122986
0.594238
0.594238
0.983643
0.983643
0.0286865
0.0286865
0.288269
0.288269
0.971558
0.971558
0.573486
0.573486
0.0390625
0.0390625
0.754639
0.754639
0.457275
0.457275
0.550842
0.550842
0.987488
0.987488
0.323364
0.323364
0.816528
0.816528
0.530396
0.530396
0.13147
0.13147
0.59314
0.59314
0.237549
0.237549
0.503784
0.503784
0.995667
0.995667
0.200562
0.200562
0.547241
0.547241
0.85791
0.85791
0.053772
0.053772
0.456116
0.456116
0.509644
0.509644
0.229492
0.229492
0.758118
0.758118
0.560242
0.560242
0.1427
0.1427
0.863892
0.863892
0.529114
0.529114
0.343079
0.343079
0.627441
0.627441
0.437622
0.437622
0.22113
0.22113
0.692017
0.692017
0.458313
0.458313
0.0609741
0.0609741
0.775818
0.775818
0.0870972
0.0870972
0.610596
0.610596
0.201599
0.201599
0.803345
0.803345
0.46405
0.46405
0.994202
0.994202
0.0736084
0.0736084
0.712585
0.712585
0.270447
0.270447
0.918579
0.918579
0.0621948
0.0621948
0.762024
0.762024
0.393555
0.393555
0.697205
0.697205
0.422791
0.422791
0.312927
0.312927
0.529724
0.529724
0.779724
0.779724
0.196655
0.196655
0.757263
0.757263
0.105774
0.105774
0.910095
0.910095
0.0666504
0.0666504
0.784729
0.784729
0.415588
0.415588
0.934814
0.934814
0.178772
0.178772
0.619751
0.619751
0.850403
0.850403
0.0476074
0.0476074
0.575806
0.575806
0.341248
0.341248
0.460938
0.460938
0.198608
0.198608
0.833801
0.833801
0.233765
0.233765
0.494202
0.494202
0.79364
0.79364
0.723816
0.723816
0.123108
0.123108
0.555603
0.555603
0.358887
0.358887
0.874207
0.874207
0.294556
0.294556
0.912781
0.912781
0.428772
0.428772
0.048645
0.048645
0.457397
0.457397
0.981445
0.981445
0.533752
0.533752
0.410034
0.410034
0.726379
0.726379
0.495483
0.495483
0.835144
0.835144
0.143127
0.143127
0.365723
0.365723
0.0570679
0.0570679
0.702026
0.702026
0.848938
0.848938
0.46582
0.46582
0.11377
0.11377
0.559631
0.559631
0.693054
0.693054
0.438477
0.438477
0.742798
0.742798
0.0907593
0.0907593
0.359192
0.359192
0.785889
0.785889
0.123596
0.123596
0.339661
0.339661
0.191467
0.191467
0.518677
0.518677
0.780029
0.780029
0.30658
0.30658
0.502319
0.502319
0.755493
0.755493
0.341858
0.341858
0.813843
0.813843
0.107483
0.107483
0.38916
0.38916
0.901794
0.901794
0.0708008
0.0708008
0.796997
0.796997
0.415344
0.415344
0.924561
0.924561
0.00494385
0.00494385
0.238098
0.238098
0.52832
0.52832
0.78656
0.78656
0.388
0.388
0.248901
0.248901
0.509094
0.509094
0.445312
0.445312
0.133606
0.133606
0.664795
0.664795
0.225586
0.225586
0.832336
0.832336
0.27771
0.27771
0.599609
0.599609
0.14093
0.14093
0.707153
0.707153
0.442444
0.442444
0.231689
0.231689
0.450378
0.450378
0.848999
0.848999
0.39563
0.39563
0.744141
0.744141
0.166016
0.166016
0.926331
0.926331
0.64502
0.64502
0.295776
0.295776
0.793213
0.793213
0.188293
0.188293
0.980225
0.980225
0.710938
0.710938
0.320679
0.320679
0.398682
0.398682
0.782837
0.782837
0.497681
0.497681
0.182983
0.182983
0.976257
0.976257
0.0751953
0.0751953
0.931946
0.931946
0.00537109
0.00537109
0.319702
0.319702
0.949341
0.949341
0.569519
0.569519
0.351807
0.351807
0.860962
0.860962
0.28717
0.28717
0.657166
0.657166
0.930542
0.930542
0.747986
0.747986
0.340515
0.340515
0.856873
0.856873
0.469849
0.469849
0.102478
0.102478
0.690491
0.690491
0.866577
0.866577
0.362061
0.362061
0.170227
0.170227
0.67041
0.67041
0.950562
0.950562
0.0963135
0.0963135
0.78772
0.78772
0.00671387
0.00671387
0.609741
0.609741
0.421509
0.421509
0.253967
0.253967
0.0820923
0.0820923
0.874939
0.874939
0.602356
0.602356
0.0153198
0.0153198
0.472229
0.472229
0.929077
0.929077
0.0339355
0.0339355
0.261108
0.261108
0.962585
0.962585
0.0990601
0.0990601
0.587646
0.587646
0.748718
0.748718
0.452637
0.452637
0.654419
0.654419
0.808716
0.808716
0.250549
0.250549
0.144958
0.144958
0.682556
0.682556
0.481445
0.481445
0.75946
0.75946
0.0274048
0.0274048
0.658325
0.658325
0.894775
0.894775
0.314636
0.314636
0.686523
0.686523
0.969177
0.969177
0.440491
0.440491
0.781677
0.781677
0.0113525
0.0113525
0.960022
0.960022
0.536194
0.536194
0.747803
0.747803
0.234924
0.234924
0.59668
0.59668
0.738647
0.738647
0.380737
0.380737
0.570374
0.570374
0.268555
0.268555
0.145447
0.145447
0.724976
0.724976
0.213013
0.213013
0.308594
0.308594
0.701904
0.701904
0.877747
0.877747
0.0299683
0.0299683
0.289429
0.289429
0.810547
0.810547
0.711121
0.711121
0.0849609
0.0849609
0.664917
0.664917
0.426514
0.426514
0.888733
0.888733
0.635559
0.635559
0.0197754
0.0197754
0.701355
0.701355
0.349915
0.349915
0.59906
0.59906
0.0354004
0.0354004
0.88324
0.88324
0.528503
0.528503
0.800659
0.800659
0.388489
0.388489
0.637085
0.637085
0.354675
0.354675
0.653992
0.653992
0.514771
0.514771
0.086792
0.086792
0.768005
0.768005
0.674561
0.674561
0.197144
0.197144
0.551697
0.551697
0.940186
0.940186
0.305786
0.305786
0.220215
0.220215
0.421814
0.421814
0.968201
0.968201
0.283569
0.283569
0.734253
0.734253
0.415833
0.415833
0.665161
0.665161
0.0760498
0.0760498
0.615967
0.615967
0.774902
0.774902
0.950073
0.950073
0.647339
0.647339
0.41803
0.41803
0.289001
0.289001
0.673462
0.673462
0.549072
0.549072
0.435974
0.435974
0.620178
0.620178
0.694092
0.694092
0.397217
0.397217
0.985474
0.985474
0.429321
0.429321
0.878601
0.878601
0.0122681
0.0122681
0.954773
0.954773
0.134827
0.134827
0.2771
0.2771
0.969788
0.969788
0.66217
0.66217
0.863464
0.863464
0.145569
0.145569
0.431396
0.431396
0.190063
0.190063
0.672546
0.672546
0.152222
0.152222
0.410461
0.410461
0.100159
0.100159
0.215332
0.215332
0.523621
0.523621
0.00012207
0.00012207
0.613342
0.613342
0.192261
0.192261
0.963501
0.963501
0.400146
0.400146
0.0216675
0.0216675
0.506165
0.506165
0.975098
0.975098
0.043396
0.043396
0.553894
0.553894
0.302979
0.302979
0.630432
0.630432
0.334534
0.334534
0.84021
0.84021
0.464539
0.464539
0.767761
0.767761
0.526794
0.526794
0.354553
0.354553
0.673828
0.673828
0.386963
0.386963
0.589905
0.589905
0.16333
0.16333
0.689819
0.689819
0.632874
0.632874
0.441772
0.441772
0.836609
0.836609
0.369385
0.369385
0.239746
0.239746
0.878418
0.878418
0.153137
0.153137
0.545044
0.545044
0.643982
0.643982
0.396729
0.396729
0.984985
0.984985
0.190735
0.190735
0.336792
0.336792
0.561279
0.561279
0.391785
0.391785
0.238281
0.238281
0.846313
0.846313
0.0374756
0.0374756
0.374573
0.374573
0.727844
0.727844
0.209473
0.209473
0.87207
0.87207
0.348267
0.348267
0.174377
0.174377
0.41217
0.41217
0.81781
0.81781
0.0344238
0.0344238
0.33728
0.33728
0.690125
0.690125
0.0925293
0.0925293
0.857849
0.857849
0.362244
0.362244
0.967834
0.967834
0.0144043
0.0144043
0.515564
0.515564
0.865295
0.865295
0.118347
0.118347
0.464478
0.464478
0.991821
0.991821
0.159485
0.159485
0.507812
0.507812
0.977722
0.977722
0.317627
0.317627
0.243958
0.243958
0.585388
0.585388
0.296936
0.296936
0.970886
0.970886
0.43927
0.43927
0.18634
0.18634
0.751221
0.751221
0.568115
0.568115
0.218628
0.218628
0.453369
0.453369
0.158691
0.158691
0.998718
0.998718
0.0628052
0.0628052
0.829163
0.829163
0.191772
0.191772
0.814209
0.814209
0.889526
0.889526
0.377808
0.377808
0.289795
0.289795
0.996155
0.996155
0.435059
0.435059
0.0375366
0.0375366
0.806152
0.806152
0.687561
0.687561
0.23584
0.23584
0.771606
0.771606
0.474609
0.474609
0.0161133
0.0161133
0.869995
0.869995
0.182373
0.182373
0.911682
0.911682
0.27301
0.27301
0.491211
0.491211
0.022583
0.022583
0.335083
0.335083
0.765259
0.765259
0.380005
0.380005
0.641113
0.641113
0.00500488
0.00500488
0.477905
0.477905
0.861938
0.861938
0.109436
0.109436
0.839966
0.839966
0.144226
0.144226
0.535095
0.535095
0.920837
0.920837
0.314026
0.314026
0.858337
0.858337
0.13208
0.13208
0.76062
0.76062
0.270142
0.270142
0.46936
0.46936
0.746155
0.746155
0.324768
0.324768
0.541382
0.541382
0.0321045
0.0321045
0.264465
0.264465
0.615051
0.615051
0.118774
0.118774
0.562805
0.562805
0.787781
0.787781
0.631775
0.631775
0.167664
0.167664
0.586609
0.586609
0.823364
0.823364
0.122498
0.122498
0.547668
0.547668
0.650574
0.650574
0.331787
0.331787
0.532227
0.532227
0.453857
0.453857
0.711792
0.711792
0.344482
0.344482
0.98468
0.98468
0.572815
0.572815
0.688965
0.688965
0.392761
0.392761
0.160461
0.160461
0.904541
0.904541
0.723206
0.723206
0.0827026
0.0827026
0.931763
0.931763
0.239197
0.239197
0.799255
0.799255
0.351624
0.351624
0.524658
0.524658
0.855469
0.855469
0.211182
0.211182
0.782715
0.782715
0.372925
0.372925
0.830322
0.830322
0.21814
0.21814
0.708557
0.708557
0.0799561
0.0799561
0.768188
0.768188
0.296326
0.296326
0.0195923
0.0195923
0.475952
0.475952
0.257996
0.257996
0.568359
0.568359
0.0915527
0.0915527
0.361145
0.361145
0.264832
0.264832
0.147827
0.147827
0.554993
0.554993
0.0574951
0.0574951
0.914429
0.914429
0.217651
0.217651
0.125549
0.125549
0.260071
0.260071
0.736511
0.736511
0.390076
0.390076
0.699829
0.699829
0.0733032
0.0733032
0.715576
0.715576
0.5578
0.5578
0.82196
0.82196
0.326172
0.326172
0.9104
0.9104
0.486145
0.486145
0.265564
0.265564
0.56781
0.56781
0.134644
0.134644
0.705078
0.705078
0.232544
0.232544
0.0700684
0.0700684
0.612061
0.612061
0.818909
0.818909
0.169678
0.169678
0.804932
0.804932
0.071106
0.071106
0.501892
0.501892
0.627991
0.627991
0.382202
0.382202
0.957947
0.957947
0.601379
0.601379
0.100037
0.100037
0.903625
0.903625
0.488647
0.488647
0.965515
0.965515
0.433044
0.433044
0.739075
0.739075
0.863708
0.863708
0.0693359
0.0693359
0.250061
0.250061
0.347961
0.347961
0.951782
0.951782
0.0794067
0.0794067
0.447449
0.447449
0.380493
0.380493
0.924194
0.924194
0.211914
0.211914
0.802612
0.802612
0.0546875
0.0546875
0.891541
0.891541
0.109131
0.109131
0.824768
0.824768
0.234131
0.234131
0.444153
0.444153
0.318481
0.318481
0.940918
0.940918
0.634644
0.634644
0.476807
0.476807
0.270508
0.270508
0.597046
0.597046
0.325439
0.325439
0.716736
0.716736
0.480408
0.480408
0.0535278
0.0535278
0.897461
0.897461
0.294434
0.294434
0.407776
0.407776
0.685364
0.685364
0.111389
0.111389
0.492676
0.492676
0.885986
0.885986
0.338684
0.338684
0.980957
0.980957
0.397644
0.397644
0.680054
0.680054
0.752319
0.752319
0.910828
0.910828
0.0723267
0.0723267
0.997131
0.997131
0.777588
0.777588
0.489258
0.489258
0.888672
0.888672
0.652649
0.652649
0.376099
0.376099
0.82666
0.82666
0.29303
0.29303
0.483215
0.483215
0.879395
0.879395
0.428162
0.428162
0.807434
0.807434
0.109985
0.109985
0.94165
0.94165
0.43689
0.43689
0.275024
0.275024
0.144043
0.144043
0.402588
0.402588
0.749939
0.749939
0.221924
0.221924
0.80072
0.80072
0.433228
0.433228
0.947693
0.947693
0.771118
0.771118
0.349304
0.349304
0.534973
0.534973
0.785156
0.785156
0.487549
0.487549
0.0102539
0.0102539
0.382568
0.382568
0.844849
0.844849
0.203613
0.203613
0.476257
0.476257
0.620361
0.620361
0.362671
0.362671
0.789062
0.789062
0.169373
0.169373
0.716309
0.716309
0.643127
0.643127
0.182007
0.182007
0.350708
0.350708
0.623901
0.623901
0.0341797
0.0341797
0.763184
0.763184
0.162231
0.162231
0.535583
0.535583
0.683594
0.683594
0.0829468
0.0829468
0.619446
0.619446
0.00958252
0.00958252
0.519043
0.519043
0.584473
0.584473
0.255615
0.255615
0.852661
0.852661
0.596497
0.596497
0.98291
0.98291
0.532532
0.532532
0.113647
0.113647
0.63446
0.63446
0.0669556
0.0669556
0.666504
0.666504
0.0206299
0.0206299
0.499939
0.499939
0.208801
0.208801
0.998657
0.998657
0.0886841
0.0886841
0.920593
0.920593
0.574219
0.574219
0.735046
0.735046
0.555969
0.555969
0.338562
0.338562
0.695251
0.695251
0.108093
0.108093
0.908997
0.908997
0.303528
0.303528
0.823608
0.823608
0.013916
0.013916
0.87738
0.87738
0.590942
0.590942
0.079895
0.079895
0.665283
0.665283
0.820801
0.820801
0.615906
0.615906
0.00457764
0.00457764
0.700073
0.700073
0.0839844
0.0839844
0.947083
0.947083
0.466492
0.466492
0.719177
0.719177
0.277222
0.277222
0.503601
0.503601
0.372009
0.372009
0.635193
0.635193
0.325806
0.325806
0.752075
0.752075
0.398254
0.398254
0.992615
0.992615
0.141846
0.141846
0.679932
0.679932
0.280884
0.280884
0.794739
0.794739
0.352112
0.352112
0.0227661
0.0227661
0.693726
0.693726
0.946716
0.946716
0.319458
0.319458
0.798706
0.798706
0.448914
0.448914
0.985779
0.985779
0.616394
0.616394
0.786072
0.786072
0.205078
0.205078
0.572021
0.572021
0.33136
0.33136
0.708252
0.708252
0.177002
0.177002
0.482605
0.482605
0.112305
0.112305
0.871033
0.871033
0.334229
0.334229
0.581299
0.581299
0.714417
0.714417
0.838074
0.838074
0.046875
0.046875
0.928223
0.928223
0.694763
0.694763
0.2323
0.2323
0.660583
0.660583
0.130005
0.130005
0.897034
0.897034
0.0256348
0.0256348
0.668823
0.668823
0.201721
0.201721
0.263123
0.263123
0.566589
0.566589
0.995483
0.995483
0.504333
0.504333
0.157593
0.157593
0.945557
0.945557
0.402344
0.402344
0.609863
0.609863
0.0604248
0.0604248
0.519836
0.519836
0.278931
0.278931
0.882507
0.882507
0.464233
0.464233
0.221558
0.221558
0.747559
0.747559
0.37
0.229126
0.515259
0.515259
0.144836
0.144836
0.92041
0.92041
0.453674
0.453674
0.165344
0.165344
0.966919
0.966919
0.744995
0.744995
0.400024
0.400024
0.592468
0.592468
0.786255
0.786255
0.0960693
0.0960693
0.935547
0.935547
0.045105
0.045105
0.367554
0.367554
0.753601
0.753601
0.00952148
0.00952148
0.396667
0.396667
0.203491
0.203491
0.505432
0.505432
0.955688
0.955688
0.34436
0.34436
0.441589
0.441589
0.293213
0.293213
0.842163
0.842163
0.611694
0.611694
0.151428
0.151428
0.500061
0.500061
0.645081
0.645081
0.120728
0.120728
0.875061
0.875061
0.415161
0.415161
0.0971069
0.0971069
0.54248
0.54248
0.928894
0.928894
0.157349
0.157349
0.702942
0.702942
0.0651245
0.0651245
0.353271
0.353271
0.689575
0.689575
0.00219727
0.00219727
0.413025
0.413025
0.647827
0.647827
0.145996
0.145996
0.7229
0.7229
0.0797729
0.0797729
0.552002
0.552002
0.210266
0.210266
0.450073
0.450073
0.7005
0.7005
0.289978
0.289978
0.91449
0.91449
0.189575
0.189575
0.394104
0.394104
0.930725
0.930725
0.669189
0.669189
0.258301
0.258301
0.530701
0.530701
0.866028
0.866028
0.274719
0.274719
0.712036
0.712036
0.110413
0.110413
0.495667
0.495667
0.747742
0.747742
0.0805664
0.0805664
0.679016
0.679016
0.441345
0.441345
0.128296
0.128296
0.814697
0.814697
0.872864
0.872864
0.320618
0.320618
0.0917358
0.0917358
0.431702
0.431702
0.864441
0.864441
0.16571
0.16571
0.914856
0.914856
0.0182495
0.0182495
0.933838
0.933838
0.220032
0.220032
0.66626
0.66626
0.767029
0.767029
0.445251
0.445251
0.0745239
0.0745239
0.587463
0.587463
0.416016
0.416016
0.977173
0.977173
0.489868
0.489868
0.931458
0.931458
0.0702515
0.0702515
0.591309
0.591309
0.889771
0.889771
0.361023
0.361023
0.23822
0.23822
0.424988
0.424988
0.834595
0.834595
0.126831
0.126831
0.91095
0.91095
0.00665283
0.00665283
0.248779
0.248779
0.801941
0.801941
0.713562
0.713562
0.0584106
0.0584106
0.495972
0.495972
0.273071
0.273071
0.0128174
0.0128174
0.659363
0.659363
0.423584
0.423584
0.152649
0.152649
0.796265
0.796265
0.327942
0.327942
0.708618
0.708618
0.43335
0.43335
0.563293
0.563293
0.493225
0.493225
0.738281
0.738281
0.144531
0.144531
0.51123
0.51123
0.308044
0.308044
0.918457
0.918457
0.446228
0.446228
0.517212
0.517212
0.135132
0.135132
0.185242
0.185242
0.750488
0.750488
0.0443115
0.0443115
0.540405
0.540405
0.154114
0.154114
0.6427
0.6427
0.305603
0.305603
0.230774
0.230774
0.742737
0.742737
0.981506
0.981506
0.0922852
0.0922852
0.515076
0.515076
0.68512
0.68512
0.346619
0.346619
0.758972
0.758972
0.664856
0.664856
0.434998
0.434998
0.206299
0.206299
0.641479
0.641479
0.851318
0.851318
0.751099
0.751099
0.51886
0.51886
0.363953
0.363953
0.825134
0.825134
0.59729
0.59729
0.242371
0.242371
0.500732
0.500732
0.937866
0.937866
0.203247
0.203247
0.839905
0.839905
0.0386353
0.0386353
0.405579
0.405579
0.630188
0.630188
0.794373
0.794373
0.0809937
0.0809937
0.575562
0.575562
0.0187378
0.0187378
0.866882
0.866882
0.676697
0.676697
0.421326
0.421326
0.298767
0.298767
0.729065
0.729065
0.101929
0.101929
0.642578
0.642578
0.44873
0.44873
0.36438
0.36438
0.620605
0.620605
0.29425
0.29425
0.793823
0.793823
0.0744629
0.0744629
0.374756
0.374756
0.542236
0.542236
0.716553
0.716553
0.238464
0.238464
0.654968
0.654968
0.0664673
0.0664673
0.534119
0.534119
0.310669
0.310669
0.808838
0.808838
0.513184
0.513184
0.328918
0.328918
0.24353
0.24353
0.984558
0.984558
0.447571
0.447571
0.0792847
0.0792847
0.915527
0.915527
0.164124
0.164124
0.68219
0.68219
0.417725
0.417725
0.756714
0.756714
0.0893555
0.0893555
0.357361
0.357361
0.224426
0.224426
0.926147
0.926147
0.305847
0.305847
0.616516
0.616516
0.458069
0.458069
0.752747
0.752747
0.0210571
0.0210571
0.652161
0.652161
0.18512
0.18512
0.799744
0.799744
0.050415
0.050415
0.888977
0.888977
0.447083
0.447083
0.517395
0.517395
0.283508
0.283508
0.817078
0.817078
0.360657
0.360657
0.0276489
0.0276489
0.457153
0.457153
0.659485
0.659485
0.134583
0.134583
0.324707
0.324707
0.824158
0.824158
0.487305
0.487305
0.408752
0.408752
0.623596
0.623596
0.837463
0.837463
0.348022
0.348022
0.991333
0.991333
0.0249634
0.0249634
0.852295
0.852295
0.183533
0.183533
0.681274
0.681274
0.414551
079
0.288879
0.542297
0.542297
0.913635
0.913635
0.3302
0.3302
0.594604
0.594604
0.979492
0.979492
0.310486
0.310486
0.868958
0.868958
0.807556
0.807556
0.230164
0.230164
0.353394
0.353394
0.525757
0.525757
0.69812
0.69812
0.491272
0.491272
0.598511
0.598511
0.429626
0.429626
0.649841
0.649841
0.729492
0.729492
0.498108
0.498108
0.201965
0.201965
0.669861
0.669861
0.761353
0.761353
0.302612
0.302612
0.633179
0.633179
0.908691
0.908691
0.540222
0.540222
0.18335
0.18335
0.57782
0.57782
0.490295
0.490295
0.688293
0.688293
0.52478
0.52478
0.342896
0.342896
0.60791
0.60791
0.442871
0.442871
0.148865
0.148865
0.89209
0.89209
0.735535
0.735535
0.213501
0.213501
0.476013
0.476013
0.84845
0.84845
0.560364
0.560364
0.988831
0.988831
0.0804443
0.0804443
0.881592
0.881592
0.394592
0.394592
0.1026
0.1026
0.732239
0.732239
0.931213
0.931213
0.0507202
0.0507202
0.846558
0.846558
0.242004
0.242004
0.817566
0.817566
0.30188
0.30188
0.905273
0.905273
0.0115356
0.0115356
0.4552
0.4552
0.686462
0.686462
0.978271
0.978271
0.128174
0.128174
0.328369
0.328369
0.637634
0.637634
0.468994
0.468994
0.660034
0.660034
0.992249
0.992249
0.0179443
0.0179443
0.545837
0.545837
0.92688
0.92688
0.298645
0.298645
0.964355
0.964355
0.315308
0.315308
0.70105
0.70105
0.89032
0.89032
0.632324
0.632324
0.858521
0.858521
0.38501
0.38501
0.731934
0.731934
0.302429
0.302429
0.649109
0.649109
0.0596313
0.0596313
0.75708
0.75708
0.912231
0.912231
0.00628662
0.00628662
0.815002
0.815002
0.0856323
0.0856323
0.246948
0.246948
0.171204
0.171204
0.934875
0.934875
0.434692
0.434692
0.828552
0.828552
0.467957
0.467957
0.233704
0.233704
0.0650024
0.0650024
0.512329
0.512329
0.669128
0.669128
0.108337
0.108337
0.761902
0.761902
0.616333
0.616333
0.0247192
0.0247192
0.30072
0.30072
0.795166
0.795166
0.494812
0.494812
0.22699
0.22699
0.511597
0.511597
0.811157
0.811157
0.191589
0.191589
0.687622
0.687622
0.00335693
0.00335693
0.522522
0.522522
0.789734
0.789734
0.0811157
0.0811157
0.582581
0.582581
0.149048
0.149048
0.851013
0.851013
0.115234
0.115234
0.708435
0.708435
0.395142
0.395142
0.22467
0.22467
0.678711
0.678711
0.439575
0.439575
0.346008
0.346008
0.0778198
0.0778198
0.575317
0.575317
0.927612
0.927612
0.0388184
0.0388184
0.884033
0.884033
0.33252
0.33252
0.65509
0.65509
0.133057
0.133057
0.606506
0.606506
0.737915
0.737915
0.922668
0.922668
0.321899
0.321899
0.798157
0.798157
0.352966
0.352966
0.279785
0.279785
0.899231
0.899231
0.454224
0.454224
0.742065
0.742065
0.382996
0.382996
0.0689087
0.0689087
0.83551
0.83551
0.626465
0.626465
0.0530396
0.0530396
0.647461
0.647461
0.393005
0.393005
0.841614
0.841614
0.270203
0.270203
0.473755
0.473755
0.960693
0.960693
0.372375
0.372375
0.680603
0.680603
0.451233
0.451233
0.904236
0.904236
0.330811
0.330811
0.78009
0.78009
0.985596
0.985596
0.104675
0.104675
0.539612
0.539612
0.958862
0.958862
0.728638
0.728638
0.241821
0.241821
0.530945
0.530945
0.327271
0.327271
0.410156
0.410156
0.628113
0.628113
0.257751
0.257751
0.599915
0.599915
0.0910034
0.0910034
0.858765
0.858765
0.633972
0.633972
0.418701
0.418701
0.483398
0.483398
0.831177
0.831177
0.264282
0.264282
0.935669
0.935669
0.406738
0.406738
0.708984
0.708984
0.619202
0.619202
0.195251
0.195251
0.854309
0.854309
0.376709
0.376709
0.955627
0.955627
0.0636597
0.0636597
0.531677
0.531677
0.92926
0.92926
0.617798
0.617798
0.332703
0.332703
0.811096
0.811096
0.52124
0.52124
0.173828
0.173828
0.596008
0.596008
0.989746
0.989746
0.715698
0.715698
0.272705
0.272705
0.753174
0.753174
0.326843
0.326843
0.154358
0.154358
0.806824
0.806824
0.553833
0.553833
0.189392
0.189392
0.880371
0.880371
0.304688
0.304688
0.385559
0.385559
0.962158
0.962158
0.0397339
0.0397339
0.236694
0.236694
0.658447
0.658447
0.437805
0.437805
0.728821
0.728821
0.491821
0.491821
0.907349
0.907349
0.256714
0.256714
0.466309
0.466309
0.626282
0.626282
0.873596
0.873596
0.116882
0.116882
0.982056
0.982056
0.42749
0.42749
0.640381
0.640381
0.918152
0.918152
0.40741
0.40741
0.619263
0.619263
0.105347
0.105347
0.556458
0.556458
0.935852
0.935852
0.0349121
0.0349121
0.73822
0.73822
0.431946
0.431946
0.295471
0.295471
0.758301
0.758301
0.0785522
0.0785522
0.894592
0.894592
0.419067
0.419067
0.102112
0.102112
0.872681
0.872681
0.426025
0.426025
0.1875
0.1875
0.829529
0.829529
0.395325
0.395325
0.998901
0.998901
0.0237427
0.0237427
0.333923
0.333923
0.605347
0.605347
0.115723
0.115723
0.520874
0.520874
0.165588
0.165588
0.556946
0.556946
0.692444
0.692444
0.209839
0.209839
0.995117
0.995117
0.289368
0.289368
0.633118
0.633118
0.0271606
0.0271606
0.771423
0.771423
0.269043
0.269043
0.877625
0.877625
0.363586
0.363586
0.491516
0.491516
0.189087
0.189087
0.640015
0.640015
0.149414
0.149414
0.979309
0.979309
0.501709
0.501709
0.168335
0.168335
0.600586
0.600586
0.0895996
0.0895996
0.994446
0.994446
0.677612
0.677612
0.203125
0.203125
0.446472
0.446472
0.895752
0.895752
0.287903
0.287903
0.936401
0.936401
0.160767
0.160767
0.764465
0.764465
0.605774
0.605774
0.218384
0.218384
0.882446
0.882446
0.031311
0.031311
0.495422
0.495422
0.199585
0.199585
0.640869
0.640869
0.0175781
0.0175781
0.251221
0.251221
0.390808
0.390808
0.804871
0.804871
0.00109863
0.00109863
0.485046
0.485046
0.855713
0.855713
0.157532
0.157532
0.702515
0.702515
0.840393
0.840393
0.0983276
0.0983276
0.898254
0.898254
0.357605
0.357605
0.804016
0.804016
0.498718
0.498718
0.162048
0.162048
0.924255
0.924255
0.127075
0.127075
0.365845
0.365845
0.442322
0.442322
0.733887
0.733887
0.0790405
0.0790405
0.880005
0.880005
0.286011
0.286011
0.763062
0.763062
0.540955
0.540955
0.0863647
0.0863647
0.659729
0.659729
0.359497
0.359497
0.777832
0.777832
0.0189819
0.0189819
0.406128
0.406128
0.734558
0.734558
0.111511
0.111511
0.262451
0.262451
0.939148
0.939148
0.0894775
0.0894775
0.40271
0.40271
0.510376
0.510376
0.604553
0.604553
0.0646973
0.0646973
0.66095
0.66095
0.927185
0.927185
0.0171509
0.0171509
0.698792
0.698792
0.500427
0.500427
0.408936
0.408936
0.744629
0.744629
0.142761
0.142761
0.618713
0.618713
0.293701
0.293701
0.8125
0.8125
0.704041
0.704041
0.163818
0.163818
0.946106
0.946106
0.0725708
0.0725708
0.345093
0.345093
0.5271
0.5271
0.954285
0.954285
0.0193481
0.0193481
0.503906
0.503906
0.709961
0.709961
0.226318
0.226318
0.675293
0.675293
0.161682
0.161682
0.31134
0.31134
0.772705
0.772705
0.219604
0.219604
0.796753
0.796753
0.267456
0.267456
0.583008
0.583008
0.389893
0.389893
0.69989
0.69989
0.592651
0.592651
0.674072
0.674072
0.146973
0.146973
0.836243
0.836243
0.19812
0.19812
0.96051
0.96051
0.390503
0.390503
0.467041
0.467041
0.623169
0.623169
0.267822
0.267822
0.902954
0.902954
0.0753174
0.0753174
0.651672
0.651672
0.79303
0.79303
0.458374
0.458374
0.843628
0.843628
0.420105
0.420105
0.119568
0.119568
0.539429
0.539429
0.309021
0.309021
0.826172
0.826172
0.63623
0.63623
0.216064
0.216064
0.756042
0.756042
0.374268
0.374268
0.192993
0.192993
0.899536
0.899536
0.578369
0.578369
0.0297852
0.0297852
0.942871
0.942871
0.552429
0.552429
0.133789
0.133789
0.989441
0.989441
0.420654
0.420654
0.715515
0.715515
0.164856
0.164856
0.840271
0.840271
0.214966
0.214966
0.913696
0.913696
0.0269165
0.0269165
0.567749
0.567749
0.37854
0.37854
0.980408
0.980408
0.130554
0.130554
0.816162
0.816162
0.0578613
0.0578613
0.956299
0.956299
0.34613
0.34613
0.917542
0.917542
0.212891
0.212891
0.290649
0.290649
0.0742188
0.0742188
0.49408
0.49408
0.800476
0.800476
0.0314941
0.0314941
0.44812
0.44812
0.592102
0.592102
0.781799
0.781799
0.499146
0.499146
0.942505
0.942505
0.185608
0.185608
0.534546
0.534546
0.706238
0.706238
0.143555
0.143555
0.973022
0.973022
0.0762939
0.0762939
0.529846
0.529846
0.310059
0.310059
0.689453
0.689453
0.570862
0.570862
0.272461
0.272461
0.558655
0.558655
0.703125
0.703125
0.223572
0.223572
0.929565
0.929565
0.0793457
0.0793457
0.710266
0.710266
0.156128
0.156128
0.775269
0.775269
0.0167236
0.0167236
0.722778
0.722778
0.248169
0.248169
0.817932
0.817932
0.09729
0.09729
0.991943
0.991943
0.206787
0.206787
0.733582
0.733582
0.931152
0.931152
0.146179
0.146179
0.593567
0.593567
0.977966
0.977966
0.0846558
0.0846558
0.564087
0.564087
0.293762
0.293762
0.517761
0.517761
0.140015
0.140015
0.595093
0.595093
0.213928
0.213928
0.87384
0.87384
0.34082
0.34082
0.990173
0.990173
3
0.57843
0.49176
0.49176
0.269897
0.269897
0.692078
0.692078
0.387207
0.387207
0.235962
0.235962
0.178162
0.178162
0.909851
0.909851
0.0756836
0.0756836
0.282043
0.282043
0.772339
0.772339
0.0897827
0.0897827
0.232361
0.232361
0.622559
0.622559
0.760193
0.760193
0.489502
0.489502
0.171326
0.171326
0.663879
0.663879
0.0263672
0.0263672
0.870178
0.870178
0.530212
0.530212
0.992188
0.992188
0.403931
0.403931
0.827026
0.827026
0.596802
0.596802
0.233887
0.233887
0.0869751
0.0869751
0.787659
0.787659
0.886353
0.886353
0.365662
0.365662
0.161621
0.161621
0.852783
0.852783
0.378296
0.378296
0.762817
0.762817
0.21875
0.21875
0.988586
0.988586
0.266357
0.266357
0.718018
0.718018
0.28125
0.28125
0.369507
0.369507
0.511902
0.511902
0.830933
0.830933
0.010498
0.010498
0.943115
0.943115
0.185669
0.185669
0.924805
0.924805
0.285706
0.285706
0.333496
0.333496
0.062561
0.062561
0.677551
0.677551
0.137634
0.137634
0.821899
0.821899
0.031189
0.031189
0.952393
0.952393
0.296814
0.296814
0.514099
0.514099
0.638489
0.638489
0.256531
0.256531
0.44928
0.44928
0.00744629
0.00744629
0.528748
0.528748
0.783081
0.783081
0.211426
0.211426
0.705566
0.705566
0.438416
0.438416
0.0823364
0.0823364
0.269958
0.269958
0.736633
0.736633
0.409546
0.409546
0.147217
0.147217
0.43457
0.43457
0.815125
0.815125
0.595215
0.595215
0.369019
0.369019
0.0758667
0.0758667
0.429138
0.429138
0.690369
0.690369
0.248962
0.248962
0.184875
0.184875
0.572998
0.572998
0.752197
0.752197
0.484741
0.484741
0.888
0.888
0.348083
0.348083
0.989868
0.989868
0.61377
0.61377
0.0581055
0.0581055
0.912354
0.912354
0.340881
0.340881
0.645752
0.645752
0.433594
0.433594
0.844116
0.844116
0.115356
0.115356
0.766602
0.766602
0.189209
0.189209
0.917847
0.917847
0.241272
0.241272
0.325073
0.325073
0.160217
0.160217
0.972961
0.972961
0.400391
0.400391
0.605652
0.605652
0.821472
0.821472
0.182556
0.182556
0.250427
0.250427
0.840332
0.840332
0.00653076
0.00653076
0.761963
0.761963
0.204285
0.204285
0.600708
0.600708
0.076416
0.076416
0.787842
0.787842
0.174255
0.174255
0.828369
0.828369
0.498169
0.498169
0.378723
0.378723
0.639648
0.639648
0.0621338
0.0621338
0.969482
0.969482
0.200195
0.200195
0.630127
0.630127
0.391418
0.391418
0.707214
0.707214
0.146545
0.146545
0.937317
0.937317
0.820557
0.820557
0.427246
0.427246
0.916138
0.916138
0.364929
0.364929
0.774353
0.774353
0.564453
0.564453
0.287964
0.287964
0.796448
0.796448
0.00811768
0.00811768
0.461304
0.461304
0.779236
0.779236
0.574402
0.574402
0.0603027
0.0603027
0.692749
0.692749
0.48938
0.48938
0.0840454
0.0840454
0.985413
0.985413
0.566711
0.566711
0.672119
0.672119
0.371582
0.371582
0.485779
0.485779
0.978088
0.978088
0.2854
0.2854
0.855408
0.855408
0.462158
0.462158
0.6604
0.6604
0.301758
0.301758
0.742615
0.742615
0.121887
0.121887
0.894226
0.894226
0.334412
0.334412
0.697144
0.697144
0.294617
0.294617
0.574951
0.574951
0.18219
0.18219
0.910706
0.910706
0.312073
0.312073
0.606812
0.606812
0.246704
0.246704
0.212585
0.212585
0.11554
0.11554
0.728577
0.728577
0.0292969
0.0292969
0.296387
0.296387
0.6651
0.6651
0.0107422
0.0107422
0.584534
0.584534
0.310364
0.310364
0.866943
0.866943
0.15564
0.15564
0.946655
0.946655
0.0202026
0.0202026
0.446777
0.446777
0.418762
0.418762
0.217468
0.217468
0.816406
0.816406
0.713074
0.713074
0.0782471
0.0782471
0.628479
0.628479
0.133484
0.133484
0.555298
0.555298
0.692993
0.692993
0.301025
0.301025
0.0557861
0.0557861
0.87677
0.87677
0.573242
0.573242
0.342163
0.342163
0.49939
0.49939
0.9245
0.9245
0.395569
0.395569
0.714905
0.714905
0.906616
0.906616
0.430359
0.430359
0.240295
0.240295
0.930298
0.930298
0.0370483
0.0370483
0.822754
0.822754
0.531189
0.531189
0.352722
0.352722
0.0534668
0.0534668
0.457458
0.457458
0.791687
0.791687
0.65155
0.65155
0.856689
0.856689
0.0883789
0.0883789
0.35498
0.35498
0.741272
0.741272
0.377747
0.377747
0.120667
0.120667
0.809204
0.809204
0.403503
0.403503
0.743896
0.743896
0.20929
0.20929
0.68811
0.68811
0.909119
0.909119
0.344177
0.344177
0.700562
0.700562
0.194214
0.194214
0.826782
0.826782
0.106934
0.106934
0.311401
0.311401
0.0610352
0.0610352
0.96405
0.96405
0.572327
0.572327
0.911438
0.911438
0.395813
0.395813
0.296204
0.296204
0.172424
0.172424
0.522461
0.522461
0.230591
0.230591
0.0984497
0.0984497
0.66449
0.66449
0.340393
0.340393
0.0341187
0.0341187
0.477783
0.477783
0.923096
0.923096
0.117249
0.117249
0.98114
0.98114
0.0553589
0.0553589
0.633911
0.633911
0.271729
0.271729
0.680664
0.680664
0.36145
0.36145
0.530884
0.530884
0.0831909
0.0831909
0.576538
0.576538
0.247192
0.247192
0.899963
0.899963
0.6922
0.6922
0.183228
0.183228
0.730347
0.730347
0.472717
0.472717
0.392883
0.392883
0.938293
0.938293
0.697998
0.697998
0.370239
0.370239
0.873047
0.873047
0.543579
0.543579
0.0976562
0.0976562
0.350098
0.350098
0.847473
0.847473
0.226562
0.226562
0.929871
0.929871
0.33905
0.33905
0.720032
0.720032
0.438965
0.438965
0.117493
0.117493
0.910278
0.910278
0.166199
0.166199
0.518921
0.518921
0.643555
0.643555
0.25769
0.25769
0.13623
0.13623
0.960266
0.960266
0.585632
0.585632
0.0696411
0.0696411
0.87616
0.87616
0.235352
0.235352
0.561157
0.561157
0.106079
0.106079
0.800964
0.800964
0.0353394
0.0353394
0.843018
0.843018
0.494995
0.494995
0.0739746
0.0739746
0.737732
0.737732
0.520264
0.520264
0.863281
0.863281
0.546082
0.546082
0.407227
0.407227
0.624695
0.624695
0.507874
0.507874
0.43866
0.43866
0.799194
0.799194
0.218323
0.218323
0.616089
0.616089
0.105042
0.105042
0.689209
0.689209
0.26123
0.26123
0.605469
0.605469
0.804199
0.804199
0.117371
0.117371
0.939392
0.939392
0.544922
0.544922
0.408081
0.408081
0.25885
0.25885
0.966797
0.966797
0.466675
0.466675
0.809875
0.809875
0.211304
0.211304
0.913208
0.913208
0.515686
0.515686
0.441833
0.441833
0.127258
0.127258
0.797852
0.797852
0.0457764
0.0457764
0.251831
0.251831
0.647644
0.647644
0.136658
0.136658
0.286377
0.286377
0.867493
0.867493
0.570679
0.570679
0.337036
0.337036
0.620544
0.620544
0.313171
0.313171
0.895874
0.895874
0.18927
0.18927
0.882751
0.882751
0.614868
0.614868
0.304749
0.304749
0.109741
0.109741
0.396851
0.396851
0.274658
0.274658
0.972534
0.972534
0.59552
0.59552
0.220764
0.220764
0.960388
0.960388
0.178528
0.178528
0.885071
0.885071
0.00274658
0.00274658
0.979797
0.979797
0.113708
0.113708
0.462952
0.462952
0.585876
0.585876
0.015625
0.015625
0.564697
0.564697
0.419189
0.419189
0.75293
0.75293
0.83197
0.83197
0.471619
0.471619
0.249573
0.249573
0.159607
0.159607
0.722046
0.722046
0.022522
0.022522
0.673401
0.673401
0.845276
0.845276
0.20282
0.20282
0.764771
0.764771
0.503174
0.503174
0.0647583
0.0647583
0.16803
0.16803
0.956726
0.956726
0.738708
0.738708
0.207947
0.207947
0.67804
0.67804
0.418457
0.418457
0.711731
0.711731
0.22406
0.22406
0.933167
0.933167
0.576111
0.576111
0.873169
0.873169
0.442505
0.442505
0.77301
0.77301
0.132202
0.132202
0.470886
0.470886
0.561829
0.561829
0.707947
0.707947
0.481567
0.481567
0.604492
0.604492
0.317017
0.317017
0.845642
0.845642
0.393372
0.393372
0.936462
0.936462
0.763916
0.763916
0.217773
0.217773
0.987305
0.987305
0.362122
0.362122
0.142944
0.142944
0.656067
0.656067
0.877563
0.877563
0.588928
0.588928
0.372986
0.372986
0.798645
0.798645
0.240723
0.240723
0.460999
0.460999
0.625793
0.625793
0.347229
0.347229
0.402954
0.402954
0.838013
0.838013
0.138
0.138
0.714355
0.714355
0.444092
0.444092
0.174683
0.174683
0.881714
0.881714
0.520081
0.520081
0.150757
0.150757
0.615601
0.615601
0.307434
0.307434
0.552185
0.552185
0.000488281
0.000488281
0.856018
0.856018
0.292358
0.292358
0.121338
0.121338
0.956177
0.956177
0.326294
0.326294
0.606995
0.606995
0.103088
0.103088
0.663452
0.663452
0.275635
0.275635
0.758911
0.758911
0.419678
0.419678
0.519653
0.519653
0.831787
0.831787
0.44458
0.44458
0.990723
0.990723
0.17572
0.17572
0.436584
0.436584
0.289612
0.289612
0.811523
0.811523
0.422119
0.422119
0.215088
0.215088
0.922607
0.922607
0.261902
0.261902
0.866455
0.866455
0.0637817
0.0637817
0.892029
0.892029
0.231934
0.231934
0.726501
0.726501
0.449036
0.449036
0.552734
0.552734
0.0198975
0.0198975
0.818848
0.818848
0.690552
0.690552
0.150574
0.150574
0.954224
0.954224
0.0088501
0.0088501
0.666992
0.666992
0.255798
0.255798
0.592224
0.592224
0.349426
0.349426
0.810913
0.810913
0.11084
0.11084
0.465271
0.465271
0.97345
0.97345
0.328613
0.328613
0.1698
0.1698
0.878479
0.878479
0.0830688
0.0830688
0.715271
0.715271
0.137756
0.137756
0.571167
0.571167
0.0463257
0.0463257
0.743469
0.743469
0.198669
0.198669
0.562683
0.562683
0.0582275
0.0582275
0.787048
0.787048
0.243469
0.243469
0.907959
0.907959
0.497375
0.497375
0.824646
0.824646
0.0654297
0.0654297
0.510498
0.510498
0.45282
0.45282
0.188416
0.188416
0.929688
0.929688
0.592529
0.592529
0.0715942
0.0715942
0.770874
0.770874
0.411804
0.411804
0.00616455
0.00616455
0.985352
0.985352
0.746887
0.746887
0.371704
0.371704
0.558716
0.558716
0.951599
0.951599
0.323547
0.323547
0.793701
0.793701
0.543091
0.543091
0.413147
0.413147
0.0337524
0.0337524
0.472778
0.472778
0.807617
0.807617
0.0953979
0.0953979
0.505981
0.505981
0.000915527
0.000915527
0.759521
0.759521
0.145935
0.145935
0.679504
0.679504
0.201538
0.201538
0.0258179
0.0258179
0.901855
0.901855
0.800537
0.800537
0.292969
0.292969
0.0429077
0.0429077
0.38324
0.38324
0.279053
0.279053
0.793274
0.793274
0.530579
0.530579
0.245483
0.245483
0.149841
0.149841
0.488281
0.488281
0.671692
0.671692
0.0786133
0.0786133
0.61145
0.61145
0.518188
0.518188
0.280457
0.280457
0.0440063
0.0440063
0.452332
0.452332
0.978027
0.978027
0.133423
0.133423
0.543396
0.543396
0.904114
0.904114
0.186401
0.186401
0.765503
0.765503
0.0142212
0.0142212
0.49469
0.49469
0.536316
0.536316
0.0862427
0.0862427
0.802856
0.802856
0.646851
0.646851
0.0195312
0.0195312
0.601257
0.601257
0.378479
0.378479
0.725037
0.725037
0.0704956
0.0704956
0.797424
0.797424
0.344788
0.344788
0.675598
0.675598
0.216309
0.216309
0.503357
0.503357
0.750183
0.750183
0.256104
0.256104
0.782288
0.782288
0.849182
0.849182
0.555054
0.555054
0.156799
0.156799
0.997192
0.997192
0.0807495
0.0807495
0.909668
0.909668
0.302246
0.302246
0.672668
0.672668
0.0455933
0.0455933
0.737122
0.737122
0.504822
0.504822
0.026001
0.026001
0.96582
0.96582
0.755615
0.755615
0.103699
0.103699
0.390259
0.390259
0.553955
0.553955
0.453979
0.453979
0.577759
0.577759
0.397339
0.397339
0.830139
0.830139
0.112854
0.112854
0.612427
0.612427
0.195129
0.195129
0.919128
0.919128
0.321838
0.321838
0.529358
0.529358
0.280273
0.280273
0.481628
0.481628
0.901611
0.901611
0.163635
0.163635
0.511719
0.511719
0.140198
0.140198
0.987244
0.987244
0.26825
0.26825
0.76123
0.76123
0.621155
0.621155
0.305298
0.305298
0.683716
0.683716
0.453552
0.453552
0.596252
0.596252
0.484619
0.484619
0.237122
0.237122
0.618042
0.618042
0.130432
0.130432
0.952271
0.952271
0.345581
0.345581
0.207581
0.207581
0.885254
0.885254
0.609619
0.609619
0.313843
0.313843
0.190002
0.190002
0.631958
0.631958
0.837036
0.837036
0.701843
0.701843
0.147644
0.147644
0.749146
0.749146
0.185852
0.185852
0.500671
0.500671
0.97052
0.97052
0.29187
0.29187
0.848877
0.848877
0.418518
0.418518
0.791382
0.791382
0.10022
0.10022
0.865051
0.865051
0.71814
0.71814
0.373047
0.373047
0.783203
0.783203
0.832642
0.832642
0.422913
0.422913
0.71106
0.71106
0.0510864
0.0510864
0.533203
0.533203
0.154846
0.154846
0.792053
0.792053
0.0599976
0.0599976
0.830811
0.830811
0.128906
0.128906
0.905151
0.905151
0.287231
0.287231
0.527344
0.527344
0.0925903
0.0925903
0.648804
0.648804
0.504578
0.504578
0.0332642
0.0332642
0.600037
0.600037
0.12616
0.12616
0.725525
0.725525
0.292236
0.292236
0.963318
0.963318
0.581787
0.581787
0.20343
0.20343
0.862732
0.862732
0.229248
0.229248
0.953003
0.953003
0.361877
0.361877
0.849426
0.849426
0.425964
0.425964
0.680359
0.680359
0.335327
0.335327
0.525085
0.525085
0.263733
0.263733
0.548401
0.548401
0.140869
0.140869
0.399902
0.399902
0.865356
0.865356
0.228455
0.228455
0.919739
0.919739
0.115906
0.115906
0.773926
0.773926
0.0731812
0.0731812
0.723083
0.723083
0.365051
0.365051
0.59198
0.59198
0.254761
0.254761
0.631104
0.631104
0.0827637
0.0827637
0.91394
0.91394
0.730957
0.730957
0.0596924
0.0596924
0.950439
0.950439
0.319824
0.319824
0.583618
0.583618
0.0712891
0.0712891
0.616638
0.616638
0.166626
0.166626
0.430969
0.430969
0.946533
0.946533
0.328491
0.328491
0.57489
0.57489
0.192627
0.192627
0.443665
0.443665
0.921631
0.921631
0.03553
0.541809
0.541809
0.223206
0.223206
0.712463
0.712463
0.371887
0.371887
0.682678
0.682678
0.532837
0.532837
0.324219
0.324219
0.613464
0.613464
0.467773
0.467773
0.188843
0.188843
0.776978
0.776978
0.875793
0.875793
0.163269
0.163269
0.428711
0.428711
0.837769
0.837769
0.27533
0.27533
0.579224
0.579224
0.784546
0.784546
0.232788
0.232788
0.0889893
0.0889893
0.73938
0.73938
0.825745
0.825745
0.0205078
0.0205078
0.944702
0.944702
0.392273
0.392273
0.636658
0.636658
0.0939941
0.0939941
0.896179
0.896179
0.526917
0.526917
0.1297
0.1297
0.335815
0.335815
0.82373
0.82373
0.625
0.625
0.108765
0.108765
0.450806
0.450806
0.205688
0.205688
0.487
0.487
0.773315
0.773315
0.421265
0.421265
0.843933
0.843933
0.331238
0.331238
0.682251
0.682251
0.588867
0.588867
0.0929565
0.0929565
0.705627
0.705627
0.449585
0.449585
0.0322266
0.0322266
0.653564
0.653564
0.266663
0.266663
0.721497
0.721497
0.591797
0.591797
0.153748
0.153748
0.672241
0.672241
0.291809
0.291809
0.984131
0.984131
0.370605
0.370605
0.907104
0.907104
0.239441
0.239441
0.747253
0.747253
0.419556
0.419556
0.949707
0.949707
0.333008
0.333008
0.837219
0.837219
0.0252686
0.0252686
0.94635
0.94635
0.067688
0.067688
0.892883
0.892883
0.471375
0.471375
0.598022
0.598022
0.255981
0.255981
0.938477
0.938477
0.700989
0.700989
0.26593
0.26593
0.896362
0.896362
0.537659
0.537659
0.42688
0.42688
0.682983
0.682983
0.835999
0.835999
0.147583
0.147583
0.480469
0.480469
0.239014
0.239014
0.690613
0.690613
0.326538
0.326538
0.261353
0.261353
0.123474
0.123474
0.679199
0.679199
0.35144
0.35144
0.97522
0.97522
0.663818
0.663818
0.592163
0.592163
0.14563
0.14563
0.717163
0.717163
0.0236206
0.0236206
0.983948
0.983948
0.170654
0.170654
0.408203
0.408203
0.818481
0.818481
0.0159912
0.0159912
0.253357
0.253357
0.978882
0.978882
0.107727
0.107727
0.418884
0.418884
0.963745
0.963745
0.088623
0.088623
0.231873
0.231873
0.913147
0.913147
0.06073
0.06073
0.452515
0.452515
0.220581
0.220581
0.654602
0.654602
0.968506
0.968506
0.33075
0.33075
0.137695
0.137695
0.235413
0.235413
0.947815
0.947815
0.435364
0.435364
0.156494
0.156494
0.26947
0.26947
0.460205
0.460205
0.81543
0.81543
0.290283
0.290283
0.862915
0.862915
0.377197
0.377197
0.983765
0.983765
0.204651
0.204651
0.696777
0.696777
0.440369
0.440369
0.616943
0.616943
0.334656
0.334656
0.902283
0.902283
0.124817
0.124817
0.939453
0.939453
0.265198
0.265198
0.0736694
0.0736694
0.73645
0.73645
0.0900269
0.0900269
0.813599
0.813599
0.382507
0.382507
0.71405
0.71405
0.567566
0.567566
0.34906
0.34906
0.831543
0.831543
0.632202
0.632202
0.533569
0.533569
0.369324
0.369324
0.713013
0.713013
0.884216
0.884216
0.416077
0.416077
0.113953
0.113953
0.54425
0.54425
0.876953
0.876953
0.624817
0.624817
0.494934
0.494934
0.359863
0.359863
0.900269
0.900269
0.717407
0.717407
0.573364
0.573364
0.0980835
0.0980835
0.498962
0.498962
0.233276
0.233276
0.679688
0.679688
0.548279
0.548279
0.0152588
0.0152588
0.347595
0.347595
0.941772
0.941772
0.0771484
0.0771484
0.725281
0.725281
0.249512
0.249512
0.520508
0.520508
0.456421
0.456421
0.590515
0.590515
0.842651
0.842651
0.416626
0.416626
0.916382
0.916382
0.282898
0.282898
0.966553
0.966553
0.217224
0.217224
0.757568
0.757568
0.352234
0.352234
0.240173
0.240173
0.543945
0.543945
0.408325
0.408325
0.893066
0.893066
0.320007
0.320007
0.670593
0.670593
0.359558
0.359558
0.912903
0.912903
0.152588
0.152588
0.871887
0.871887
0.714966
0.714966
0.114929
0.114929
0.963013
0.963013
0.436401
0.436401
0.168884
0.168884
0.776489
0.776489
0.0361938
0.0361938
0.457642
0.457642
0.968994
0.968994
0.306152
0.306152
0.537903
0.537903
6.10352e-05
6.10352e-05
0.61438
0.61438
0.699463
0.699463
0.956909
0.956909
0.228271
0.228271
0.716064
0.716064
0.409241
0.409241
0.804443
0.804443
0.472595
0.472595
0.124939
0.124939
0.271057
0.271057
0.556152
0.556152
0.166443
0.166443
0.376953
0.376953
0.111145
0.111145
0.61676
0.61676
0.809387
0.809387
0.00250244
0.00250244
0.401367
0.401367
0.170715
0.170715
0.940491
0.940491
0.574768
0.574768
0.792297
0.792297
0.162842
0.162842
0.862
0.862
0.273926
0.273926
0.887512
0.887512
0.391968
0.391968
0.987915
0.987915
0.280151
0.280151
0.815613
0.815613
0.23468
0.23468
0.414062
0.414062
0.660339
0.660339
0.300171
0.300171
0.845825
0.845825
0.567322
0.567322
0.0438843
0.0438843
0.512268
0.512268
0.202454
0.202454
0.590454
0.590454
0.331482
0.331482
0.723328
0.723328
0.389709
0.389709
0.278503
0.278503
0.0473022
0.0473022
0.937134
0.937134
0.133728
0.133728
0.514404
0.514404
0.086731
0.086731
0.631287
0.631287
0.186951
0.186951
0.560547
0.560547
0.930664
0.930664
0.281494
0.281494
0.822632
0.822632
0.535889
0.535889
0.199158
0.199158
0.959473
0.959473
0.687744
0.687744
0.100342
0.100342
0.6073
0.6073
0.363098
0.363098
0.132446
0.132446
0.552673
0.552673
0.0683594
0.0683594
0.878723
0.878723
0.237915
0.237915
0.681824
0.681824
0.397522
0.397522
0.125061
0.125061
0.791321
0.791321
0.151062
0.151062
0.813171
0.813171
0.0462036
0.0462036
0.276367
0.276367
0.76709
0.76709
0.19397
0.19397
0.379333
0.379333
0.0698853
0.0698853
0.8078
0.8078
0.209351
0.209351
0.785034
0.785034
0.0123291
0.0123291
0.952881
0.952881
0.341675
0.341675
0.737
0.737
0.890076
0.890076
0.0834351
0.0834351
0.426941
0.426941
0.822266
0.822266
0.583801
0.583801
0.138672
0.138672
0.871399
0.871399
0.656189
0.656189
0.15979
0.15979
0.883606
0.883606
0.00860596
0.00860596
0.792664
0.792664
0.21051
0.21051
0.168274
0.168274
0.501099
0.501099
0.668152
0.668152
0.134155
0.134155
0.536438
0.536438
0.307251
0.307251
0.85144
0.85144
0.651306
0.651306
0.798401
0.798401
0.0820312
0.0820312
0.192505
0.192505
0.531067
0.531067
0.812927
0.812927
0.0753784
0.0753784
0.585022
0.585022
0.256287
0.256287
0.477844
0.477844
0.375244
0.375244
0.795715
0.795715
0.492188
0.492188
0.0158691
0.0158691
0.849304
0.849304
0.268005
0.268005
0.704163
0.704163
0.9021
0.9021
0.208984
0.208984
0.723755
0.723755
0.430603
0.430603
0.97998
0.97998
0.16394
0.16394
0.381531
0.381531
0.817505
0.817505
0.465088
0.465088
0.63739
0.63739
0.157837
0.157837
0.621765
0.621765
0.857544
0.857544
0.572937
0.572937
0.94342
0.94342
0.071167
0.071167
0.834229
0.834229
0.694031
0.694031
0.981995
0.981995
0.480713
0.480713
0.317383
0.317383
0.544373
0.544373
0.889221
0.889221
0.707642
0.707642
0.259277
0.259277
0.0452271
0.0452271
0.327637
0.327637
0.619873
0.619873
0.360291
0.360291
0.80127
0.80127
0.207397
0.207397
0.0853271
0.0853271
0.703918
0.703918
0.560791
0.560791
0.181824
0.181824
0.872498
0.872498
0.0540161
0.0540161
0.993835
0.993835
0.63562
0.63562
0.215637
0.215637
0.95282
0.95282
0.353821
0.353821
0.879089
0.879089
0.763611
0.763611
0.110901
0.110901
0.52887
0.52887
0.0259399
0.0259399
0.264404
0.264404
0.875244
0.875244
0.362305
0.362305
0.0550537
0.0550537
0.740967
0.740967
0.233215
0.233215
0.429749
0.429749
0.643616
0.643616
0.303711
0.303711
0.217041
0.217041
0.05896
0.05896
0.878174
0.878174
0.24292
0.24292
0.772766
0.772766
0.0787354
0.0787354
0.452209
0.452209
0.662537
0.662537
0.839661
0.839661
0.42627
0.42627
0.959656
0.959656
0.0198364
0.0198364
0.518494
0.518494
0.585571
0.585571
0.76001
0.76001
0.431274
0.431274
0.11261
0.11261
0.711487
0.711487
0.465698
0.465698
0.54364
0.54364
0.493713
0.493713
0.177612
0.177612
0.755371
0.755371
0.453064
0.453064
0.671082
0.671082
0.135498
0.135498
0.306824
0.306824
0.710632
0.710632
0.487793
0.487793
0.806458
0.806458
0.0891113
0.0891113
0.50116
0.50116
0.183777
0.183777
0.550903
0.550903
0.0214844
0.0214844
0.707336
0.707336
0.454468
0.454468
0.744202
0.744202
0.475464
0.475464
0.951904
0.951904
0.225403
0.225403
0.699402
0.699402
0.730652
0.730652
0.908142
0.908142
0.00354004
0.00354004
0.4953
0.4953
0.312622
0.312622
0.787537
0.787537
0.43396
0.43396
0.516541
0.516541
0.215759
0.215759
0.652405
0.652405
0.324463
0.324463
0.620117
0.620117
0.973938
0.973938
0.298279
0.298279
0.749756
0.749756
0.468872
0.468872
0.898743
0.898743
0.0307617
0.0307617
0.986633
0.986633
0.174927
0.174927
0.936951
0.936951
0.349548
0.349548
0.0100098
0.0100098
0.519104
0.519104
0.14624
0.14624
0.683472
0.683472
0.450439
0.450439
0.93042
0.93042
0.248108
0.248108
0.523926
0.523926
0.845215
0.845215
0.389343
0.389343
0.789001
0.789001
0.564148
0.564148
0.214111
0.214111
0.707886
0.707886
0.115967
0.115967
0.506958
0.506958
0.950806
0.950806
0.0593872
0.0593872
0.195312
0.195312
0.358398
0.358398
0.977356
0.977356
0.112549
0.112549
0.826599
0.826599
0.277832
0.277832
0.991577
0.991577
0.243042
0.243042
0.946411
0.946411
0.119019
0.119019
0.706543
0.706543
0.424316
0.424316
0.934448
0.934448
0.327209
0.327209
0.750061
0.750061
0.269775
0.269775
0.856384
0.856384
0.565979
0.565979
0.701538
0.701538
0.497498
0.497498
0.332886
0.332886
0.820068
0.820068
0.417358
0.417358
0.620728
0.620728
0.755249
0.755249
0.142578
0.142578
0.34314
0.34314
0.519409
0.519409
0.936646
0.936646
0.245422
0.245422
0.834961
0.834961
0.476562
0.476562
0.651611
0.651611
0.0625
0.0625
0.581482
0.581482
0.187927
0.187927
0.68866
0.68866
0.785645
0.785645
0.0817871
0.0817871
0.988403
0.988403
0.498413
0.498413
0.288696
0.288696
0.394714
0.394714
0.794189
0.794189
0.145142
0.145142
0.902832
0.902832
0.583374
0.583374
0.462585
0.462585
0.679749
0.679749
0.625427
0.625427
0.147278
0.147278
0.364563
0.364563
0.757874
0.757874
0.193665
0.193665
0.496826
0.496826
0.134033
0.134033
0.734131
0.734131
0.228943
0.228943
0.978699
0.978699
0.125854
0.125854
0.821533
0.821533
0.315063
0.315063
0.932434
0.932434
0.380798
0.380798
0.918945
0.918945
0.144287
0.144287
0.828186
0.828186
0.320068
0.320068
0.399353
0.399353
0.0192261
0.0192261
0.269714
0.269714
0.962341
0.962341
0.608215
0.608215
0.0614014
0.0614014
0.4151
0.4151
0.163696
0.163696
0.770691
0.770691
0.292114
0.292114
0.735474
0.735474
0.432495
0.432495
0.980103
0.980103
0.255432
0.255432
0.596313
0.596313
0.0545654
0.0545654
0.639343
0.639343
0.112976
0.112976
0.792786
0.792786
0.424744
0.424744
0.176392
0.176392
0.341919
0.341919
0.622009
0.622009
0.99054
0.99054
0.66803
0.66803
0.127686
0.127686
0.710205
0.710205
0.164429
0.164429
0.901062
0.901062
0.0333252
0.0333252
0.472412
0.472412
0.740601
0.740601
0.154785
0.154785
0.526306
0.526306
0.783386
0.783386
0.0800781
0.0800781
0.201233
0.201233
0.700867
0.700867
0.387695
0.387695
0.646179
0.646179
0.10083
0.10083
0.425537
0.425537
0.909302
0.909302
0.673706
0.673706
0.26001
0.26001
0.860718
0.860718
0.0394287
0.0394287
0.546204
0.546204
0.743286
0.743286
0.317505
0.317505
0.0762329
0.0762329
0.906006
0.906006
0.0481567
0.0481567
0.306702
0.306702
0.996399
0.996399
0.0264893
0.0264893
0.638367
0.638367
0.85321
0.85321
0.237488
0.237488
0.754578
0.754578
0.625488
0.625488
0.496582
0.496582
0.690796
0.690796
0.434265
0.434265
0.551147
0.551147
0.0518188
0.0518188
0.485107
0.485107
0.342407
0.342407
0.631348
0.631348
0.844299
0.844299
0.264893
0.264893
0.0532227
0.0532227
0.862244
0.862244
0.212463
0.212463
0.663147
0.663147
0.489746
0.489746
0.254639
0.254639
0.866089
0.866089
0.443359
0.443359
0.78186
0.78186
0.634888
0.634888
0.291626
0.291626
0.0908203
0.0908203
0.758057
0.758057
0.373718
0.373718
0.4104
0.4104
0.820679
0.820679
0.126526
0.126526
0.9599
0.9599
0.475098
0.475098
0.687256
0.687256
0.432739
0.432739
0.760376
0.760376
0.605103
0.605103
0.286621
0.286621
0.448425
0.448425
0.173401
0.173401
0.672913
0.672913
0.406555
0.406555
0.923645
0.923645
0.03302
0.03302
0.150208
0.150208
0.957214
0.957214
0.332397
0.332397
0.896606
0.896606
0.658142
0.658142
0.867615
0.867615
0.154541
0.154541
0.7854
0.7854
0.0671387
0.0671387
0.570496
0.570496
0.206604
0.206604
0.687927
0.687927
0.981262
0.981262
0.370789
0.370789
0.104797
0.104797
0.887756
0.887756
0.432556
0.432556
0.644043
0.644043
0.180481
0.180481
0.907043
0.907043
0.00567627
0.00567627
0.453186
0.453186
0.921692
0.921692
0.162659
0.162659
0.32312
0.32312
0.0454712
0.0454712
0.780823
0.780823
0.463318
0.463318
0.998413
0.998413
0.181458
0.181458
0.569275
0.569275
0.415649
0.415649
0.126648
0.126648
0.508545
0.508545
0.048584
0.048584
0.965576
0.965576
0.342712
0.342712
0.830017
0.830017
0.177307
0.177307
0.76416
0.76416
0.667908
0.667908
0.192078
0.192078
0.96167
0.96167
0.336731
0.336731
0.75354
0.75354
0.533997
0.533997
0.40625
0.40625
0.798889
0.798889
0.519897
0.519897
0.224365
0.224365
0.10199
0.10199
0.633728
0.633728
0.00994873
0.00994873
0.347168
0.347168
0.832092
0.832092
0.0639648
0.0639648
0.915955
0.915955
0.264038
0.264038
0.883667
0.883667
0.367065
0.367065
0.782043
0.782043
0.577576
0.577576
0.294495
0.294495
0.853455
0.853455
0.198242
0.198242
0.788757
0.788757
0.119812
0.119812
0.363342
0.363342
0.226685
0.226685
0.0803833
0.0803833
0.749329
0.749329
0.208618
0.208618
0.680908
0.680908
0.036377
0.036377
0.539001
0.539001
0.229614
0.229614
0.584351
0.584351
0.84198
0.84198
0.0977173
0.0977173
0.520325
0.520325
0.756409
0.756409
0.672607
0.672607
0.191895
0.191895
0.553711
0.553711
0.816345
0.816345
0.0411377
0.0411377
0.568787
0.568787
0.136902
0.136902
0.640442
0.640442
0.747437
0.747437
0.544739
0.544739
0.354248
0.354248
0.0856934
0.0856934
0.834351
0.834351
0.49646
0.49646
0.142517
0.142517
0.610657
0.610657
0.957581
0.957581
0.577393
0.577393
0.422424
0.422424
0.926575
0.926575
0.35791
0.35791
0.828735
0.828735
0.563782
0.563782
0.134705
0.134705
0.733398
0.733398
0.0500488
0.0500488
0.226868
0.226868
0.825439
0.825439
0.594666
0.594666
0.181885
0.181885
0.982422
0.982422
0.621582
0.621582
0.218262
0.218262
0.700134
0.700134
0.274902
0.274902
0.614685
0.614685
0.197449
0.197449
0.874451
0.874451
0.148132
0.148132
0.369995
0.369995
0.797791
0.797791
0.540344
0.540344
0.963379
0.963379
0.353943
0.353943
0.093689
0.093689
0.288818
0.288818
0.858093
0.858093
0.716187
0.716187
0.229309
0.229309
0.745544
0.745544
0.0847168
0.0847168
0.183838
0.183838
0.452148
0.452148
0.771973
0.771973
0.300903
0.300903
0.999329
0.999329
0.0998535
0.0998535
0.864807
0.864807
0.475647
0.475647
0.140808
0.140808
0.802368
0.802368
0.509521
0.509521
0.596741
0.596741
0.212219
0.212219
0.765381
0.765381
0.388306
0.388306
0.744019
0.744019
0.533447
0.533447
0.685059
0.685059
0.362793
0.362793
0.502136
0.502136
0.729858
0.729858
0.954651
0.954651
0.120117
0.120117
0.630981
0.630981
0.377563
0.377563
0.797546
0.797546
0.101257
0.101257
0.950317
0.950317
0.675842
0.675842
0.851807
0.851807
0.743042
0.743042
0.608032
0.608032
0.114014
0.114014
0.657959
0.657959
0.456299
0.456299
0.106445
0.106445
0.323914
0.323914
0.819031
0.819031
0.0875244
0.0875244
0.611755
0.611755
0.260742
0.260742
0.182678
0.182678
0.912598
0.912598
0.275696
0.275696
0.0308838
0.0308838
0.726562
0.726562
0.813049
0.813049
0.468323
0.468323
0.868103
0.868103
0.214661
0.214661
0.411316
0.411316
0.668701
0.668701
0.383789
0.383789
0.745117
0.745117
0.0509644
0.0509644
0.52948
0.52948
0.448303
0.448303
0.0767212
0.0767212
0.973694
0.973694
0.403076
0.403076
0.650146
0.650146
0.429199
0.429199
0.983215
0.983215
0.528442
0.528442
0.87146
0.87146
0.576782
0.576782
0.441101
0.441101
0.488708
0.488708
0.201355
0.201355
0.402161
0.402161
0.256775
0.256775
0.869629
0.869629
0.366089
0.366089
0.709717
0.709717
0.932068
0.932068
0.424011
0.424011
0.548828
0.548828
0.698853
0.698853
0.386475
0.386475
0.990784
0.990784
0.659851
0.659851
0.0657959
0.0657959
0.568604
0.568604
0.928467
0.928467
0.417603
0.417603
0.375671
0.375671
0.118225
0.118225
0.559753
0.559753
0.776855
0.776855
0.174133
0.174133
0.964844
0.964844
0.105225
0.105225
0.486633
0.486633
0.638977
0.638977
0.942566
0.942566
0.22168
0.22168
0.796814
0.796814
0.554626
0.554626
0.0964355
0.0964355
0.499023
0.499023
0.241028
0.241028
0.62146
0.62146
0.0726929
0.0726929
0.718567
0.718567
0.156372
0.156372
0.944885
0.944885
0.00421143
0.00421143
0.632446
0.632446
0.283936
0.283936
0.143677
0.143677
0.420959
0.420959
0.927979
0.927979
0.484436
0.484436
0.213074
0.213074
0.950012
0.950012
0.716003
0.716003
0.26532
0.26532
0.605286
0.605286
0.941589
0.941589
0.69458
0.69458
0.589722
0.589722
0.207764
0.207764
0.965149
0.965149
0.0261841
0.0261841
0.378906
0.378906
0.686157
0.686157
0.119202
0.119202
0.442078
0.442078
0.00793457
0.00793457
0.634338
0.634338
0.279663
0.279663
0.693115
0.693115
0.876343
0.876343
0.020874
0.020874
0.766296
0.766296
0.457581
0.457581
0.306396
0.306396
0.889343
0.889343
0.71875
0.71875
0.481262
0.481262
0.584595
0.584595
0.365356
0.365356
0.803467
0.803467
0.158997
0.158997
0.704712
0.704712
0.0201416
0.0201416
0.295044
0.295044
0.657104
0.657104
0.445496
0.445496
0.109802
0.109802
0.972229
0.972229
0.800232
0.800232
0.468384
0.468384
0.833679
0.833679
0.0529175
0.0529175
0.413574
0.413574
0.641968
0.641968
0.327698
0.327698
0.89386
0.89386
0.458923
0.458923
0.257324
0.257324
0.782959
0.782959
0.198853
0.198853
0.106812
0.106812
0.908447
0.908447
0.0244141
0.0244141
0.222229
0.222229
0.931519
0.931519
0.312866
0.312866
0.694336
0.694336
0.914917
0.914917
0.18811
0.18811
0.635498
0.635498
0.885681
0.885681
0.586548
0.586548
0.0612793
0.0612793
0.779846
0.779846
0.318054
0.318054
0.481018
0.481018
0.547424
0.547424
0.149231
0.149231
0.628662
0.628662
0.469421
0.469421
0.713928
0.713928
0.131409
0.131409
0.591187
0.591187
0.0586548
0.0586548
0.511292
0.511292
0.863953
0.863953
0.444946
0.444946
0.815796
0.815796
0.0910645
0.0910645
0.887085
0.887085
0.0118408
0.0118408
0.640564
0.640564
0.389526
0.389526
0.927246
0.927246
0.03479
0.03479
0.80896
0.80896
0.535828
0.535828
0.216187
0.216187
0.00775146
0.00775146
0.49292
0.49292
0.884827
0.884827
0.24762
0.24762
0.0155029
0.0155029
0.861572
0.861572
0.132385
0.132385
0.485291
0.485291
0.842529
0.842529
0.309143
0.309143
0.687317
0.687317
0.204102
0.204102
0.647034
0.647034
0.948303
0.948303
0.298462
0.298462
0.442749
0.442749
0.716675
0.716675
0.572083
0.572083
0.322632
0.322632
0.848694
0.848694
0.15094
0.15094
0.28302
0.28302
0.684143
0.684143
0.339722
0.339722
0.169861
0.169861
0.894531
0.894531
0.73761
0.73761
0.0150757
0.0150757
0.808167
0.808167
0.287598
0.287598
0.334778
0.334778
0.473267
0.473267
0.780457
0.780457
0.317749
0.317749
0.991394
0.991394
0.350891
0.350891
0.703552
0.703552
0.739197
0.739197
0.19574
0.19574
0.571594
0.571594
0.863342
0.863342
0.168518
0.168518
0.541565
0.541565
0.883057
0.883057
0.0772705
0.0772705
0.367737
0.367737
0.150391
0.150391
0.912109
0.912109
0.293457
0.293457
0.721252
0.721252
0.450989
0.450989
0.599365
0.599365
0.981812
0.981812
0.231384
0.231384
0.658875
0.658875
0.896729
0.896729
0.463867
0.463867
0.775635
0.775635
0.203979
0.203979
0.538025
0.538025
0.823303
0.823303
0.169006
0.169006
0.596924
0.596924
0.992065
0.992065
0.19104
0.19104
0.407654
0.407654
0.0055542
0.0055542
0.68988
0.68988
0.271118
0.271118
0.10498
0.10498
0.942444
0.942444
0.401794
0.401794
0.8396
0.8396
0.528015
0.528015
0.792175
0.792175
0.171997
0.171997
0.750854
0.750854
0.362549
0.362549
0.0928345
0.0928345
0.581726
0.581726
0.333679
0.333679
0.86438
0.86438
0.225647
0.225647
0.979431
0.979431
0.101501
0.101501
0.207886
0.207886
0.70343
0.70343
0.0689697
0.0689697
0.42157
0.42157
0.987
0.987
0.676086
0.676086
0.272278
0.272278
0.732788
0.732788
0.544983
0.544983
0.125732
0.125732
0.845947
0.845947
0.48645
0.48645
0.590759
0.590759
0.371399
0.371399
0.910461
0.910461
0.246582
0.246582
0.512451
0.512451
0.0371704
0.0371704
0.797058
0.797058
0.551392
0.551392
0.916016
0.916016
0.16272
0.16272
0.856934
0.856934
0.665466
0.665466
0.461731
0.461731
0.20575
0.20575
0.575134
0.575134
0.769409
0.769409
0.141296
0.141296
0.880737
0.880737
0.567017
0.567017
0.647583
0.647583
0.239929
0.239929
0.914001
0.914001
0.187317
0.187317
0.666077
0.666077
0.483887
0.483887
0.595764
0.595764
0.393799
0.393799
0.810059
0.810059
0.492432
0.492432
0.877869
0.877869
0.763794
0.763794
0.041687
0.041687
0.510193
0.510193
0.823059
0.823059
0.346558
0.346558
0.974365
0.974365
0.525391
0.525391
0.255188
0.255188
0.680969
0.680969
0.057312
0.057312
0.460022
0.460022
0.236267
0.236267
0.831116
0.831116
0.160828
0.160828
0.309509
0.309509
0.734314
0.734314
0.0865479
0.0865479
0.809692
0.809692
0.395935
0.395935
0.0705566
0.0705566
0.521484
0.521484
0.0101318
0.0101318
0.611267
0.611267
0.186523
0.186523
0.788574
0.788574
0.286255
0.286255
0.173096
0.173096
0.584045
0.584045
0.683167
0.683167
0.482483
0.482483
0.617249
0.617249
0.156677
0.156677
0.271973
0.271973
0.517029
0.517029
0.440125
0.440125
0.733276
0.733276
0.900757
0.900757
0.467468
0.467468
0.281372
0.281372
0.724731
0.724731
0.379211
0.379211
0.297485
0.297485
0.649292
0.649292
0.209412
0.209412
0.477112
0.477112
0.354126
0.354126
0.778442
0.778442
0.041626
0.041626
0.230347
0.230347
0.359131
0.359131
0.589417
0.589417
0.329346
0.329346
0.49115
0.49115
0.854126
0.854126
0.761658
0.761658
0.39624
0.39624
0.536377
0.536377
0.652283
0.652283
0.987183
0.987183
0.235657
0.235657
0.0618896
0.0618896
0.752441
0.752441
0.422485
0.422485
0.0391846
0.0391846
0.613892
0.613892
0.252563
0.252563
0.131104
0.131104
0.60022
0.60022
0.388123
0.388123
0.188721
0.188721
0.769043
0.769043
0.409912
0.409912
0.545532
0.545532
0.847168
0.847168
0.115601
0.115601
0.592834
0.592834
0.246277
0.246277
0.510132
0.510132
0.129822
0.129822
0.827454
0.827454
0.275452
0.275452
0.653137
0.653137
0.993225
0.993225
0.124451
0.124451
0.784485
0.784485
0.300781
0.300781
0.977417
0.977417
0.4198
0.4198
0.804504
0.804504
0.532166
0.532166
0.332031
0.332031
0.8797
0.8797
0.267395
0.267395
0.521973
0.521973
0.953369
0.953369
0.411438
0.411438
0.182922
0.182922
0.671997
0.671997
0.318298
0.318298
0.10553
0.10553
0.436829
0.436829
0.735901
0.735901
0.385193
0.385193
0.756958
0.756958
0.223816
0.223816
0.289185
0.289185
0.723572
0.723572
0.439758
0.439758
0.32019
0.32019
0.0422974
0.0422974
0.639893
0.639893
0.904419
0.904419
0.081604
0.081604
0.351929
0.351929
0.251282
0.251282
0.420349
0.420349
0.034668
0.034668
0.94519
0.94519
0.383911
0.383911
0.728455
0.728455
0.535706
0.535706
0.0229492
0.0229492
0.773071
0.773071
0.162109
0.162109
0.693542
0.693542
0.518433
0.518433
0.133179
0.133179
0.366577
0.366577
0.310181
0.310181
0.630676
0.630676
0.438171
0.438171
0.145081
0.145081
0.649536
0.649536
0.399292
0.399292
0.0788574
0.0788574
0.881348
0.881348
0.364136
0.364136
0.622131
0.622131
0.967896
0.967896
0.56488
0.56488
0.339966
0.339966
0.94397
0.94397
0.538879
0.538879
0.273743
0.273743
0.903076
0.903076
0.601807
0.601807
0.294067
0.294067
0.925293
0.925293
0.773621
0.773621
0.368591
0.368591
0.99585
0.99585
0.539978
0.539978
0.0393066
0.0393066
0.959167
0.959167
0.412048
0.412048
0.760742
0.760742
0.214355
0.214355
0.112122
0.112122
0.752014
0.752014
0.425598
0.425598
0.918518
0.918518
0.0692749
0.0692749
0.976562
0.976562
0.171936
0.171936
0.0977783
0.0977783
0.879639
0.879639
0.579651
0.579651
0.130859
0.130859
0.938171
0.938171
0.0608521
0.0608521
0.846619
0.846619
0.807068
0.807068
0.114685
0.114685
0.736816
0.736816
0.169189
0.169189
0.980591
0.980591
0.557251
0.557251
0.891296
0.891296
0.00512695
0.00512695
0.96991
0.96991
0.676331
0.676331
0.244934
0.244934
0.60498
0.60498
0.164246
0.164246
0.816833
0.816833
0.0905151
0.0905151
0.200012
0.200012
0.521362
0.521362
0.690979
0.690979
0.355835
0.355835
0.507385
0.507385
0.84082
0.84082
0.31073
0.31073
0.992798
0.992798
0.453918
0.453918
0.823975
0.823975
0.0563965
0.0563965
0.885803
0.885803
0.268127
0.268127
0.0420532
0.0420532
0.697021
0.697021
0.627197
0.627197
0.33197
0.33197
0.525635
0.525635
0.419922
0.419922
0.240662
0.240662
0.792847
0.792847
0.506409
0.506409
0.340332
0.340332
0.58606
0.58606
0.448669
0.448669
0.268738
0.268738
0.602478
0.602478
0.413635
0.413635
0.631714
0.631714
0.0960083
0.0960083
0.748413
0.748413
0.455688
0.455688
0.19043
0.19043
0.615723
0.615723
0.136047
0.136047
0.35199
0.35199
0.937622
0.937622
0.290344
0.290344
0.736206
0.736206
0.407532
0.407532
0.858276
0.858276
0.325684
0.325684
0.904663
0.904663
0.116943
0.116943
0.563843
0.563843
0.663391
0.663391
0.0878906
0.0878906
0.765198
0.765198
0.204834
0.204834
0.549744
0.549744
0.438904
0.438904
0.85553
0.85553
0.603333
0.603333
0.223083
0.223083
0.746277
0.746277
0.0230103
0.0230103
0.566162
0.566162
0.232971
0.232971
0.069519
0.069519
0.612305
0.612305
0.182495
0.182495
0.534668
0.534668
0.762146
0.762146
0.33606
0.33606
0.614502
0.614502
0.38031
0.38031
0.903687
0.903687
0.52533
0.52533
0.108521
0.108521
0.680115
0.680115
0.0571899
0.0571899
0.96814
0.96814
0.430115
0.430115
0.0931396
0.0931396
0.858398
0.858398
0.21698
0.21698
0.789429
0.789429
0.291199
0.291199
0.0280151
0.0280151
0.637268
0.637268
0.176819
0.176819
0.529297
0.529297
0.274353
0.274353
0.612976
0.612976
0.346252
0.346252
0.837524
0.837524
0.932922
0.932922
0.604126
0.604126
0.0871582
0.0871582
0.343262
0.343262
0.188477
0.188477
0.431213
0.431213
0.868774
0.868774
0.520996
0.520996
0.0272217
0.0272217
0.617493
0.617493
0.118042
0.118042
0.488342
0.488342
0.678833
0.678833
0.0732422
0.0732422
0.780518
0.780518
0.350952
0.350952
0.829834
0.829834
0.652893
0.652893
0.262695
0.262695
0.32074
0.32074
0.624084
0.624084
0.568481
0.568481
0.0146484
0.0146484
0.776123
0.776123
0.556091
0.556091
0.891113
0.891113
0.748474
0.748474
0.0465088
0.0465088
0.861755
0.861755
0.443848
0.443848
0.322693
0.322693
0.953613
0.953613
0.502808
0.502808
0.794861
0.794861
0.0369263
0.0369263
0.419312
0.419312
0.853821
0.853821
0.382812
0.382812
0.992371
0.992371
0.557556
0.557556
0.756287
0.756287
0.220642
0.220642
0.793335
0.793335
0.338013
0.338013
0.577026
0.577026
0.266113
0.266113
0.493652
0.493652
0.857056
0.857056
0.642334
0.642334
0.563538
0.563538
0.473083
0.473083
0.70813
0.70813
0.136963
0.136963
0.663269
0.663269
0.0499268
0.0499268
0.573608
0.573608
0.368103
0.368103
0.198059
0.198059
0.775696
0.775696
0.017334
0.017334
0.96106
0.96106
0.694824
0.694824
0.0435791
0.0435791
0.404663
0.404663
0.968445
0.968445
0.149902
0.149902
0.685669
0.685669
0.895081
0.895081
0.0735474
0.0735474
0.83136
0.83136
0.306519
0.306519
0.923584
0.923584
0.250916
0.250916
0.823242
0.823242
0.391296
0.391296
0.995239
0.995239
0.72406
0.72406
0.578918
0.578918
0.0343628
0.0343628
0.700317
0.700317
0.471985
0.471985
0.951111
0.951111
0.0140381
0.0140381
0.63031
0.63031
0.158875
0.158875
0.967529
0.967529
0.212097
0.212097
0.810791
0.810791
0.393738
0.393738
0.277893
0.277893
0.72522
0.72522
0.922424
0.922424
0.146606
0.146606
0.646545
0.646545
0.299316
0.299316
0.986084
0.986084
0.191162
0.191162
0.462097
0.462097
0.814514
0.814514
0.6745
0.6745
0.449768
0.449768
0.775085
0.775085
0.31189
0.31189
0.897583
0.897583
0.0350952
0.0350952
0.933594
0.933594
0.160583
0.160583
0.719727
0.719727
0.190125
0.190125
0.662354
0.662354
0.348633
0.348633
0.925659
0.925659
0.399658
0.399658
0.548584
0.548584
0.72699
0.72699
0.259399
0.259399
0.58667
0.58667
0.376221
0.376221
0.618469
0.618469
0.502075
0.502075
0.754089
0.754089
0.353088
0.353088
0.14917
0.14917
0.80957
0.80957
0.427673
0.427673
0.882324
0.882324
0.0567627
0.0567627
0.57074
0.57074
0.2099
0.2099
0.38092
0.38092
0.893127
0.893127
0.504456
0.504456
0.812012
0.812012
0.0598145
0.0598145
0.684937
0.684937
0.280701
0.280701
0.846863
0.846863
0.314758
0.314758
0.897339
0.897339
0.178406
0.178406
0.278748
0.278748
0.961243
0.961243
0.219238
0.219238
0.586243
0.586243
0.0548706
0.0548706
0.45575
0.45575
0.901367
0.901367
0.741089
0.741089
0.179993
0.179993
0.388062
0.388062
0.970093
0.970093
0.470032
0.470032
0.336365
0.336365
0.0720215
0.0720215
0.478943
0.478943
0.572571
0.572571
0.191284
0.191284
0.708923
0.708923
0.0111694
0.0111694
0.607361
0.607361
0.547119
0.547119
0.688843
0.688843
0.00311279
0.00311279
0.309387
0.309387
0.851746
0.851746
0.415405
0.415405
0.761536
0.761536
0.0167847
0.0167847
0.674866
0.674866
0.263855
0.263855
0.629089
0.629089
0.473389
0.473389
0.13916
0.13916
0.951538
0.951538
0.214722
0.214722
0.54895
0.54895
0.462769
0.462769
0.695068
0.695068
0.850647
0.850647
0.412292
0.412292
0.56134
0.56134
0.886902
0.886902
0.714722
0.714722
0.122681
0.122681
0.537842
0.537842
0.0317383
0.0317383
0.816589
0.816589
0.725952
0.725952
0.114258
0.114258
0.213196
0.213196
0.699158
0.699158
0.835571
0.835571
0.264648
0.264648
0.988647
0.988647
0.37262
0.37262
0.522156
0.522156
0.814575
0.814575
0.277466
0.277466
0.669922
0.669922
0.391907
0.391907
0.465942
0.465942
0.982849
0.982849
0.747192
0.747192
0.244568
0.244568
0.838989
0.838989
0.329712
0.329712
0.873718
0.873718
0.506042
0.506042
0.427979
0.427979
0.834473
0.834473
0.380615
0.380615
0.741699
0.741699
0.0532837
0.0532837
0.812317
0.812317
0.357849
0.357849
0.524414
0.524414
0.599426
0.599426
0.79657
0.79657
0.307922
0.307922
0.205139
0.205139
0.904358
0.904358
0.085022
0.085022
0.356506
0.356506
0.604187
0.604187
0.480042
0.480042
0.223328
0.223328
0.922119
0.922119
0.174805
0.174805
0.539368
0.539368
0.254333
0.254333
0.905945
0.905945
0.371277
0.371277
0.532349
0.532349
0.226379
0.226379
0.656006
0.656006
0.575745
0.575745
0.766418
0.766418
0.0528564
0.0528564
0.641235
0.641235
0.464294
0.464294
0.790283
0.790283
0.338257
0.338257
0.874329
0.874329
0.427551
0.427551
0.123901
0.123901
0.897095
0.897095
0.62323
0.62323
0.829224
0.829224
0.302856
0.302856
0.107422
0.107422
0.720276
0.720276
0.271362
0.271362
0.783569
0.783569
0.463745
0.463745
0.180725
0.180725
0.532776
0.532776
0.954346
0.954346
0.699036
0.699036
0.164978
0.164978
0.573853
0.573853
0.38208
0.38208
0.865906
0.865906
0.412415
0.412415
0.106262
0.106262
0.526978
0.526978
0.947571
0.947571
0.341187
0.341187
0.581238
0.581238
0.836975
0.836975
0.214294
0.214294
0.970154
0.970154
0.733093
0.733093
0.0993652
0.0993652
0.633545
0.633545
0.000305176
0.000305176
0.984863
0.984863
0.0737305
0.0737305
0.875122
0.875122
0.608643
0.608643
0.228394
0.228394
0.944031
0.944031
0.654236
0.654236
0.200378
0.200378
0.712402
0.712402
0.342651
0.342651
0.769775
0.769775
0.835388
0.835388
0.398621
0.398621
0.260925
0.260925
0.475891
0.475891
0.938782
0.938782
0.660278
0.660278
0.229126
0.229126
0.515259
0.515259
0.144836
0.144836
0.92041
0.92041
0.453674
0.453674
0.165344
0.165344
0.966919
0.966919
0.744995
0.744995
0.400024
0.400024
0.592468
0.592468
0.786255
0.786255
0.0960693
0.0960693
0.935547
0.935547
0.045105
0.045105
0.367554
0.367554
0.753601
0.753601
0.00952148
0.00952148
0.396667
0.396667
0.203491
0.203491
0.505432
0.505432
0.955688
0.955688
0.34436
0.34436
0.441589
0.441589
0.293213
0.293213
0.842163
0.842163
0.611694
0.611694
0.151428
0.151428
0.500061
0.500061
0.645081
0.645081
0.120728
0.120728
0.875061
0.875061
0.415161
0.415161
0.0971069
0.0971069
0.54248
0.54248
0.928894
0.928894
0.157349
0.157349
0.702942
0.702942
0.0651245
0.0651245
0.353271
0.353271
0.689575
0.689575
0.00219727
0.00219727
0.413025
0.413025
0.647827
0.647827
0.145996
0.145996
0.7229
0.7229
0.0797729
0.0797729
0.552002
0.552002
0.210266
0.210266
0.450073
0.450073
0.7005
0.7005
0.289978
0.289978
0.91449
0.91449
0.189575
0.189575
0.394104
0.394104
0.930725
0.930725
0.669189
0.669189
0.258301
0.258301
0.530701
0.530701
0.866028
0.866028
0.274719
0.274719
0.712036
0.712036
0.110413
0.110413
0.495667
0.495667
0.747742
0.747742
0.0805664
0.0805664
0.679016
0.679016
0.441345
0.441345
0.128296
0.128296
0.814697
0.814697
0.872864
0.872864
0.320618
0.320618
0.0917358
0.0917358
0.431702
0.431702
0.864441
0.864441
0.16571
0.16571
0.914856
0.914856
0.0182495
0.0182495
0.933838
0.933838
0.220032
0.220032
0.66626
0.66626
0.767029
0.767029
0.445251
0.445251
0.0745239
0.0745239
0.587463
0.587463
0.416016
0.416016
0.977173
0.977173
0.489868
0.489868
0.931458
0.931458
0.0702515
0.0702515
0.591309
0.591309
0.889771
0.889771
0.361023
0.361023
0.23822
0.23822
0.424988
0.424988
0.834595
0.834595
0.126831
0.126831
0.91095
0.91095
0.00665283
0.00665283
0.248779
0.248779
0.983459
0.983459
0.800354
0.800354
0.560425
0.560425
0.295532
0.295532
0.858643
0.858643
0.361389
0.361389
0.997681
0.997681
0.569763
0.569763
0.27887
0.27887
0.00189209
0.00189209
0.727783
0.727783
0.974854
0.974854
0.213257
0.213257
0.551453
0.551453
0.292603
0.292603
0.690186
0.690186
0.368774
0.368774
0.52655
0.52655
0.143066
0.143066
0.316223
0.316223
0.838867
0.838867
0.225769
0.225769
0.920898
0.920898
0.185242
0.185242
0.750488
0.750488
0.0443115
0.0443115
0.540405
0.540405
0.154114
0.154114
0.6427
0.6427
0.305603
0.305603
0.230774
0.230774
0.742737
0.742737
0.981506
0.981506
0.0922852
0.0922852
0.515076
0.515076
0.68512
0.68512
0.346619
0.346619
0.758972
0.758972
0.664856
0.664856
0.434998
0.434998
0.206299
0.206299
0.641479
0.641479
0.851318
0.851318
0.751099
0.751099
0.51886
0.51886
0.363953
0.363953
0.825134
0.825134
0.59729
0.59729
0.242371
0.242371
0.500732
0.500732
0.937866
0.937866
0.203247
0.203247
0.839905
0.839905
0.0386353
0.0386353
0.405579
0.405579
0.630188
0.630188
0.794373
0.794373
0.0809937
0.0809937
0.575562
0.575562
0.0187378
0.0187378
0.866882
0.866882
0.676697
0.676697
0.421326
0.421326
0.298767
0.298767
0.729065
0.729065
0.101929
0.101929
0.642578
0.642578
0.44873
0.44873
0.36438
0.36438
0.620605
0.620605
0.29425
0.29425
0.793823
0.793823
0.0744629
0.0744629
0.374756
0.374756
0.542236
0.542236
0.716553
0.716553
0.238464
0.238464
0.654968
0.654968
0.0664673
0.0664673
0.534119
0.534119
0.310669
0.310669
0.808838
0.808838
0.513184
0.513184
0.328918
0.328918
0.24353
0.24353
0.984558
0.984558
0.447571
0.447571
0.0792847
0.0792847
0.915527
0.915527
0.164124
0.164124
0.68219
0.68219
0.417725
0.417725
0.756714
0.756714
0.0893555
0.0893555
0.357361
0.357361
0.224426
0.224426
0.926147
0.926147
0.305847
0.305847
0.616516
0.616516
0.458069
0.458069
0.752747
0.752747
0.0210571
0.0210571
0.652161
0.652161
0.18512
0.18512
0.799744
0.799744
0.050415
0.050415
0.888977
0.888977
0.447083
0.447083
0.517395
0.517395
0.283508
0.283508
0.817078
0.817078
0.360657
0.360657
0.0276489
0.0276489
0.457153
0.457153
0.659485
0.659485
0.134583
0.134583
0.324707
0.324707
0.824158
0.824158
0.487305
0.487305
0.408752
0.408752
0.623596
0.623596
0.837463
0.837463
0.348022
0.348022
0.991333
0.991333
0.0249634
0.0249634
0.852295
0.852295
0.183533
0.183533
0.681274
0.681274
0.414551
0.414551
0.344238
0.344238
0.00689697
0.00689697
0.885437
0.885437
0.46991
0.46991
0.0628662
0.0628662
0.206055
0.206055
0.609924
0.609924
0.717346
0.717346
0.917786
0.917786
0.345642
0.345642
0.513794
0.513794
0.670166
0.670166
0.398438
0.398438
0.802307
0.802307
0.237305
0.237305
0.612854
0.612854
0.740356
0.740356
0.984619
0.984619
0.566833
0.566833
0.0283813
0.0283813
0.509338
0.509338
0.681702
0.681702
0.358215
0.358215
0.880188
0.880188
0.209961
0.209961
0.344727
0.344727
0.910217
0.910217
0.400818
0.400818
0.844238
0.844238
0.497864
0.497864
0.111877
0.111877
0.585083
0.585083
0.732178
0.732178
0.28949
0.28949
0.939819
0.939819
0.258179
0.258179
0.476868
0.476868
0.171082
0.171082
0.976074
0.976074
0.368225
0.368225
0.555542
0.555542
0.148254
0.148254
0.308777
0.308777
0.956055
0.956055
0.118591
0.118591
0.682373
0.682373
0.0521851
0.0521851
0.915344
0.915344
0.385742
0.385742
0.131531
0.131531
0.670471
0.670471
0.263367
0.263367
0.302368
0.302368
0.900452
0.900452
0.110657
0.110657
0.366028
0.366028
0.745789
0.745789
0.277039
0.277039
0.961853
0.961853
0.167603
0.167603
0.251648
0.251648
0.800842
0.800842
0.913574
0.913574
0.161499
0.161499
0.388611
0.388611
0.871826
0.871826
0.327087
0.327087
0.843201
0.843201
0.0255127
0.0255127
0.470642
0.470642
0.525024
0.525024
0.873901
0.873901
0.19989
0.19989
0.998596
0.998596
0.127319
0.127319
0.491455
0.491455
0.827637
0.827637
0.452881
0.452881
0.976624
0.976624
0.7276
0.7276
0.252869
0.252869
0.110291
0.110291
0.83667
0.83667
0.705994
0.705994
0.6026
0.6026
0.308289
0.308289
0.768066
0.768066
0.4823
0.4823
0.375488
0.375488
0.23114
0.23114
0.994507
0.994507
0.254272
0.254272
0.597717
0.597717
0.95874
0.95874
0.713379
0.713379
0.426331
0.426331
0.850037
0.850037
0.0750122
0.0750122
0.962524
0.962524
0.331421
0.331421
0.494446
0.494446
0.717896
0.717896
0.582397
0.582397
0.0402832
0.0402832
0.74884
0.74884
0.180237
0.180237
0.667542
0.667542
0.958252
0.958252
0.0939331
0.0939331
0.418396
0.418396
0.644165
0.644165
0.771057
0.771057
0.337097
0.337097
0.861328
0.861328
0.0996094
0.0996094
0.670959
0.670959
0.376892
0.376892
0.00604248
0.00604248
0.878296
0.878296
0.598694
0.598694
0.423218
0.423218
0.0407715
0.0407715
0.479736
0.479736
0.211121
0.211121
0.858887
0.858887
0.0175171
0.0175171
0.619568
0.619568
0.805664
0.805664
0.105835
0.105835
0.658691
0.658691
0.451721
0.451721
0.00384521
0.00384521
0.54657
0.54657
0.200928
0.200928
0.558777
0.558777
0.377991
0.377991
0.63324
0.63324
0.217896
0.217896
0.998047
0.998047
0.109375
0.109375
0.562439
0.562439
0.936218
0.936218
0.478271
0.478271
0.143005
0.143005
0.764648
0.764648
0.311096
0.311096
0.58252
0.58252
0.608887
0.608887
0.251099
0.251099
0.870911
0.870911
0.0966187
0.0966187
0.948059
0.948059
0.276672
0.276672
0.88385
0.88385
0.0568848
0.0568848
0.650391
0.650391
0.262939
0.262939
0.951965
0.951965
0.0143433
0.0143433
0.719421
0.719421
0.151672
0.151672
0.789612
0.789612
0.161804
0.161804
0.738953
0.738953
0.0986938
0.0986938
0.632751
0.632751
0.208191
0.208191
0.428467
0.428467
0.935791
0.935791
0.373657
0.373657
0.501282
0.501282
0.249695
0.249695
0.94928
0.94928
0.100525
0.100525
0.844666
0.844666
0.645203
0.645203
0.265076
0.265076
0.597778
0.597778
0.326965
0.326965
0.474426
0.474426
0.0843506
0.0843506
0.708862
0.708862
0.901123
0.901123
0.280823
0.280823
0.819458
0.819458
0.386902
0.386902
0.309753
0.309753
0.860535
0.860535
0.561401
0.561401
0.451599
0.451599
0.00378418
0.00378418
0.730164
0.730164
0.129028
0.129028
0.517456
0.517456
0.945496
0.945496
0.141724
0.141724
0.384888
0.384888
0.44751
0.44751
0.899414
0.899414
0.216492
0.216492
0.598816
0.598816
0.407043
0.407043
0.878052
0.878052
0.314514
0.314514
0.785828
0.785828
0.26178
0.26178
0.704529
0.704529
0.0204468
0.0204468
0.625122
0.625122
0.734802
0.734802
0.0755005
0.0755005
0.32196
0.32196
0.996887
0.996887
0.173645
0.173645
0.88147
0.88147
0.0246582
0.0246582
0.807129
0.807129
0.0668335
0.0668335
0.53717
0.53717
0.156006
0.156006
0.239624
0.239624
0.999023
0.999023
0.413391
0.413391
0.698364
0.698364
0.0323486
0.0323486
0.382629
0.382629
0.947205
0.947205
0.335022
0.335022
0.829285
0.829285
0.206726
0.206726
0.99408
0.99408
0.244202
0.244202
0.533081
0.533081
0.902161
0.902161
0.395081
0.395081
0.153198
0.153198
0.609314
0.609314
0.732483
0.732483
0.221863
0.221863
0.0509033
0.0509033
0.587708
0.587708
0.266602
0.266602
0.557983
0.557983
0.17395
0.17395
0.921875
0.921875
0.227539
0.227539
0.56958
0.56958
0.285034
0.285034
0.969055
0.969055
0.746338
0.746338
0.169617
0.169617
0.895203
0.895203
0.550781
0.550781
0.335388
0.335388
0.733826
0.733826
0.295898
0.295898
0.515625
0.515625
0.882874
0.882874
0.194336
0.194336
0.787109
0.787109
0.319519
0.319519
0.722351
0.722351
0.139648
0.139648
0.869507
0.869507
0.053833
0.053833
0.738464
0.738464
0.406006
0.406006
0.684265
0.684265
0.238159
0.238159
0.0338745
0.0338745
0.626587
0.626587
0.976013
0.976013
0.22876
0.22876
0.845581
0.845581
0.403687
0.403687
0.0477905
0.0477905
0.924316
0.924316
0.344971
0.344971
0.61499
0.61499
0.176758
0.176758
0.695801
0.695801
0.435547
0.435547
0.567993
0.567993
0.850952
0.850952
0.125366
0.125366
0.468628
0.468628
0.806702
0.806702
0.284668
0.284668
0.645935
0.645935
0.385315
0.385315
0.956482
0.956482
0.326416
0.326416
0.512573
0.512573
0.97229
0.97229
0.811829
0.811829
0.3172
0.3172
0.122864
0.122864
0.833557
0.833557
0.0317993
0.0317993
0.59021
0.59021
0.518372
0.518372
0.697388
0.697388
0.330322
0.330322
0.0494995
0.0494995
0.888062
0.888062
0.180054
0.180054
0.744385
0.744385
0.582947
0.582947
0.941223
0.941223
0.494568
0.494568
0.348999
0.348999
0.77478
0.77478
0.113403
0.113403
0.705383
0.705383
0.148621
0.148621
0.757202
0.757202
0.0603638
0.0603638
0.999146
0.999146
0.332581
0.332581
0.476135
0.476135
0.971497
0.971497
0.439392
0.439392
0.295959
0.295959
0.626892
0.626892
0.864014
0.864014
0.176086
0.176086
0.467224
0.467224
0.639771
0.639771
0.196411
0.196411
0.997864
0.997864
0.134399
0.134399
0.0542603
0.0542603
0.704773
0.704773
0.554138
0.554138
0.638611
0.638611
0.451111
0.451111
0.989136
0.989136
0.304443
0.304443
0.85614
0.85614
0.194397
0.194397
0.392639
0.392639
0.978333
0.978333
0.542603
0.542603
0.436096
0.436096
0.779602
0.779602
0.267517
0.267517
0.157043
0.157043
0.242126
0.242126
0.651123
0.651123
0.0112915
0.0112915
0.456726
0.456726
0.943787
0.943787
0.537354
0.537354
0.420471
0.420471
0.277344
0.277344
0.634705
0.634705
0.812439
0.812439
0.193054
0.193054
0.5802
0.5802
0.0795898
0.0795898
0.835754
0.835754
0.547791
0.547791
0.0170898
0.0170898
0.689514
0.689514
0.917053
0.917053
0.0776978
0.0776978
0.754517
0.754517
0.330566
0.330566
0.661621
0.661621
0.428101
0.428101
0.722534
0.722534
0.445923
0.445923
0.841431
0.841431
0.494141
0.494141
0.98938
0.98938
0.350281
0.350281
0.90564
0.90564
0.268982
0.268982
0.649414
0.649414
0.551941
0.551941
0.37207
0.37207
0.854492
0.854492
0.12561
0.12561
0.974426
0.974426
0.726196
0.726196
0.181519
0.181519
0.865112
0.865112
0.287292
0.287292
0.931702
0.931702
0.122192
0.122192
0.755798
0.755798
0.507019
0.507019
0.848572
0.848572
0.35907
0.35907
0.00488281
0.0048828
0.317749
0.991394
0.350891
0.703552
0.739197
0.19574
0.571594
0.863342
0.168518
0.541565
0.883057
0.0772705
0.367737
0.150391
0.912109
0.293457
0.721252
0.450989
0.599365
0.981812
0.231384
0.658875
0.896729
0.463867
0.775635
0.203979
0.538025
0.823303
0.169006
0.596924
0.992065
0.19104
0.407654
0.0055542
0.68988
0.271118
0.10498
0.942444
0.401794
0.26001
0.860718
0.0394287
0.546204
0.743286
0.317505
0.0762329
0.906006
0.0481567
0.306702
0.996399
0.0264893
0.638367
0.85321
0.237488
0.754578
0.625488
0.496582
0.690796
0.434265
0.551147
0.0518188
0.485107
0.342407
0.631348
0.376343
0.516663
0.832764
0.251892
0.615479
0.0252075
0.449402
0.720703
0.28772
0.0410767
0.984253
0.117798
0.559937
0.249146
0.839844
0.0779419
0.575378
0.88092
0.664551
0.222595
0.604675
0.0300293
0.748901
0.328186
0.891785
0.351257
0.913757
0.301453
0.444397
0.545593
0.221008
0.598572
0.911194
0.0367432
0.514648
0.730896
0.435181
0.0211792
0.849915
0.122375
0.334106
0.955383
0.595825
0.996338
0.285217
0.898804
0.696106
0.54126
0.302063
0.606934
0.475159
0.186646
0.677002
0.00140381
0.626221
0.249268
0.729309
0.0327759
0.582153
0.902588
0.692627
0.832703
0.51593
0.377258
0.914246
0.562256
0.857178
0.370056
0.899841
0.12262
0.665771
0.305054
0.891479
0.153503
0.387268
0.995422
0.358582
0.272095
0.893555
0.508423
0.84668
0.247742
0.0716553
0.414612
0.940063
0.573669
0.303223
0.724182
0.392151
0.844299
0.264893
0.0532227
0.862244
0.212463
0.663147
0.489746
0.254639
0.866089
0.443359
0.78186
0.634888
0.291626
0.0908203
0.758057
0.373718
0.4104
0.820679
0.126526
0.9599
0.475098
0.687256
0.432739
0.760376
0.605103
0.286621
0.448425
0.173401
0.672913
0.406555
0.923645
0.03302
0.150208
0.957214
0.332397
0.896606
0.658142
0.867615
0.154541
0.7854
0.0671387
0.570496
0.206604
0.687927
0.981262
0.370789
0.104797
0.887756
0.432556
0.644043
0.180481
0.907043
0.00567627
0.453186
0.921692
0.162659
0.32312
0.0454712
0.780823
0.463318
0.998413
0.181458
0.569275
0.415649
0.126648
0.508545
0.048584
0.965576
0.342712
0.830017
0.177307
0.76416
0.667908
0.192078
0.96167
0.336731
0.75354
0.533997
0.40625
0.798889
0.519897
0.224365
0.10199
0.633728
0.00994873
0.347168
0.832092
0.0639648
0.915955
0.264038
0.883667
0.367065
0.782043
0.577576
0.294495
0.853455
0.198242
0.788757
0.119812
0.363342
0.226685
0.0803833
0.749329
0.208618
0.680908
0.036377
0.539001
0.229614
0.584351
0.84198
0.0977173
0.520325
0.756409
0.672607
0.191895
0.553711
0.816345
0.0411377
0.568787
0.136902
0.640442
0.747437
0.544739
0.354248
0.0856934
0.834351
0.49646
0.142517
0.610657
0.957581
0.577393
0.422424
0.926575
0.35791
0.828735
0.563782
0.134705
0.733398
0.0500488
0.226868
0.825439
0.594666
0.181885
0.982422
0.621582
0.218262
0.700134
0.274902
0.614685
0.197449
0.874451
0.148132
0.369995
0.797791
0.540344
0.963379
0.353943
0.093689
0.288818
0.858093
0.716187
0.229309
0.745544
0.0847168
0.183838
0.452148
0.771973
0.300903
0.999329
0.0998535
0.864807
0.475647
0.140808
0.802368
0.509521
0.596741
0.212219
0.765381
0.388306
0.744019
0.533447
0.685059
0.362793
0.502136
0.729858
0.954651
0.120117
0.630981
0.377563
0.797546
0.101257
0.950317
0.675842
0.851807
0.743042
0.608032
0.114014
0.657959
0.456299
0.106445
0.323914
0.819031
0.0875244
0.611755
0.260742
0.182678
0.480713
0.317383
0.544373
0.889221
0.707642
0.259277
0.0452271
0.327637
0.619873
0.360291
0.80127
0.207397
0.0853271
0.703918
0.560791
0.181824
0.872498
0.0540161
0.993835
0.63562
0.215637
0.95282
0.353821
0.879089
0.763611
0.110901
0.923279
0.243164
0.617188
0.968933
0.655579
0.339172
0.825867
0.218079
0.916687
0.309875
0.860291
0.0319214
0.404846
0.615417
0.0917969
0.322937
0.78125
0.46051
0.222839
0.864746
0.0490723
0.759827
0.948364
0.373169
0.80542
0.185974
0.50647
0.0130005
0.928528
0.283203
0.601685
0.509399
0.313416
0.559204
0.606628
0.847839
0.465454
0.729919
0.999634
0.300415
0.589355
0.123779
0.66156
0.40448
0.185486
0.632812
0.165955
0.487427
0.918823
0.268372
0.775391
0.315796
0.464844
0.384644
64
0.21991
0.128479
0.490784
0.992676
0.09021
0.533875
