0.403975
0.403975
0.539568
0.539568
0.810755
0.810755
0.946348
0.946348
0.217822
0.217822
0.353415
0.353415
0.624601
0.624601
0.760195
0.760195
0.0316683
0.0316683
0.167261
0.167261
0.438448
0.438448
0.574041
0.574041
0.845228
0.845228
0.980821
0.980821
0.252295
0.252295
0.387888
0.387888
0.659074
0.659074
0.794667
0.794667
0.0661411
0.0661411
0.201734
0.201734
0.608514
0.608514
0.8797
0.8797
0.015581
0.015581
0.286767
0.286767
0.422361
0.422361
0.693547
0.693547
0.82914
0.82914
0.100614
0.100614
0.236207
0.236207
0.507394
0.507394
0.642987
0.642987
0.914173
0.914173
0.0500538
0.0500538
0.32124
0.32124
0.456833
0.456833
0.72802
0.72802
0.863613
0.863613
0.135087
0.135087
0.27068
0.27068
0.541866
0.541866
0.67746
0.67746
0.948646
0.948646
0.0845267
0.0845267
0.355713
0.355713
0.491306
0.491306
0.762493
0.762493
0.898086
0.898086
0.152615
0.152615
0.288209
0.288209
0.559395
0.559395
0.694988
0.694988
0.966175
0.966175
0.102055
0.102055
0.373242
0.373242
0.508835
0.508835
0.780021
0.780021
0.915615
0.915615
0.187088
0.187088
0.322682
0.322682
0.593868
0.593868
0.729461
0.729461
0.000934857
0.000934857
0.136528
0.136528
0.407715
0.407715
0.543308
0.543308
0.814494
0.814494
0.950087
0.950087
0.221561
0.221561
0.357154
0.357154
0.628341
0.628341
0.763934
0.763934
0.0354077
0.0354077
0.171001
0.171001
0.577781
0.577781
0.848967
0.848967
0.98456
0.98456
0.256034
0.256034
0.391627
0.391627
0.662814
0.662814
0.798407
0.798407
0.0698806
0.0698806
0.205474
0.205474
0.47666
0.47666
0.612253
0.612253
0.88344
0.88344
0.0193204
0.0193204
0.290507
0.290507
0.4261
0.4261
0.697286
0.697286
0.83288
0.83288
0.104353
0.104353
0.239947
0.239947
0.511133
0.511133
0.646726
0.646726
0.917913
0.917913
0.0537932
0.0537932
0.32498
0.32498
0.460573
0.460573
0.731759
0.731759
0.867353
0.867353
0.138826
0.138826
0.274419
0.274419
0.545606
0.545606
0.681199
0.681199
0.952386
0.952386
0.0882661
0.0882661
0.359453
0.359453
0.495046
0.495046
0.766232
0.766232
0.901825
0.901825
0.173299
0.173299
0.308892
0.308892
0.580079
0.580079
0.715672
0.715672
0.986858
0.986858
0.122739
0.122739
0.393925
0.393925
0.529519
0.529519
0.800705
0.800705
0.936298
0.936298
0.207772
0.207772
0.343365
0.343365
0.614552
0.614552
0.750145
0.750145
0.0216186
0.0216186
0.157212
0.157212
0.563991
0.563991
0.835178
0.835178
0.970771
0.970771
0.242245
0.242245
0.377838
0.377838
0.649024
0.649024
0.784618
0.784618
0.0560914
0.0560914
0.191685
0.191685
0.462871
0.462871
0.598464
0.598464
0.869651
0.869651
0.00553124
0.00553124
0.276718
0.276718
0.412311
0.412311
0.683497
0.683497
0.81909
0.81909
0.0905643
0.0905643
0.226157
0.226157
0.497344
0.497344
0.632937
0.632937
0.904124
0.904124
0.0400041
0.0400041
0.311191
0.311191
0.446784
0.446784
0.789214
0.789214
0.924807
0.924807
0.0606878
0.0606878
0.196281
0.196281
0.331874
0.331874
0.467467
0.467467
0.603061
0.603061
0.738654
0.738654
0.874247
0.874247
0.0101276
0.0101276
0.145721
0.145721
0.281314
0.281314
0.416907
0.416907
0.5525
0.5525
0.688094
0.688094
0.823687
0.823687
0.95928
0.95928
0.0951607
0.0951607
0.230754
0.230754
0.366347
0.366347
0.50194
0.50194
0.637534
0.637534
0.773127
0.773127
0.90872
0.90872
0.0446005
0.0446005
0.180194
0.180194
0.315787
0.315787
0.45138
0.45138
0.586973
0.586973
0.722567
0.722567
0.85816
0.85816
0.993753
0.993753
0.129634
0.129634
0.265227
0.265227
0.40082
0.40082
0.536413
0.536413
0.672006
0.672006
0.8076
0.8076
0.943193
0.943193
0.0790733
0.0790733
0.214667
0.214667
0.35026
0.35026
0.485853
0.485853
0.621446
0.621446
0.757039
0.757039
0.892633
0.892633
0.0285131
0.0285131
0.164106
0.164106
0.2997
0.2997
0.435293
0.435293
0.570886
0.570886
0.706479
0.706479
0.842072
0.842072
0.977666
0.977666
0.113546
0.113546
0.249139
0.249139
0.384733
0.384733
0.520326
0.520326
0.655919
0.655919
0.791512
0.791512
0.927105
0.927105
0.062986
0.062986
0.198579
0.198579
0.334172
0.334172
0.469766
0.469766
0.605359
0.605359
0.740952
0.740952
0.876545
0.876545
0.0124258
0.0124258
0.148019
0.148019
0.283612
0.283612
0.419205
0.419205
0.554799
0.554799
0.690392
0.690392
0.825985
0.825985
0.961578
0.961578
0.0974588
0.0974588
0.233052
0.233052
0.368645
0.368645
0.504238
0.504238
0.639832
0.639832
0.775425
0.775425
0.911018
0.911018
0.0468987
0.0468987
0.182492
0.182492
0.318085
0.318085
0.453678
0.453678
0.589271
0.589271
0.724865
0.724865
0.860458
0.860458
0.996051
0.996051
0.131932
0.131932
0.267525
0.267525
0.403118
0.403118
0.538711
0.538711
0.674305
0.674305
0.809898
0.809898
0.945491
0.945491
0.0813715
0.0813715
0.216965
0.216965
0.352558
0.352558
0.488151
0.488151
0.623744
0.623744
0.759338
0.759338
0.894931
0.894931
0.0308113
0.0308113
0.166405
0.166405
0.301998
0.301998
0.437591
0.437591
0.573184
0.573184
0.708777
0.708777
0.844371
0.844371
0.979964
0.979964
0.115844
0.115844
0.251438
0.251438
0.387031
0.387031
0.522624
0.522624
0.658217
0.658217
0.79381
0.79381
0.929404
0.929404
0.0652842
0.0652842
0.200877
0.200877
0.336471
0.336471
0.472064
0.472064
0.607657
0.607657
0.74325
0.74325
0.878843
0.878843
0.014724
0.014724
0.150317
0.150317
0.28591
0.28591
0.421504
0.421504
0.557097
0.557097
0.69269
0.69269
0.828283
0.828283
0.963876
0.963876
0.099757
0.099757
0.23535
0.23535
0.370943
0.370943
0.506537
0.506537
0.64213
0.64213
0.777723
0.777723
0.913316
0.913316
0.0491969
0.0491969
0.18479
0.18479
0.320383
0.320383
0.455977
0.455977
0.59157
0.59157
0.727163
0.727163
0.862756
0.862756
0.998349
0.998349
0.13423
0.13423
0.269823
0.269823
0.405416
0.405416
0.541009
0.541009
0.676603
0.676603
0.812196
0.812196
0.947789
0.947789
0.0836697
0.0836697
0.219263
0.219263
0.354856
0.354856
0.490449
0.490449
0.626043
0.626043
0.761636
0.761636
0.897229
0.897229
0.0331095
0.0331095
0.168703
0.168703
0.304296
0.304296
0.439889
0.439889
0.575482
0.575482
0.711076
0.711076
0.846669
0.846669
0.982262
0.982262
0.118143
0.118143
0.253736
0.253736
0.389329
0.389329
0.524922
0.524922
0.660515
0.660515
0.796109
0.796109
0.931702
0.931702
0.0675824
0.0675824
0.203176
0.203176
0.338769
0.338769
0.474362
0.474362
0.609955
0.609955
0.745548
0.745548
0.881142
0.881142
7.79048e-05
7.79048e-05
0.135671
0.135671
0.271264
0.271264
0.406858
0.406858
0.542451
0.542451
0.678044
0.678044
0.813637
0.813637
0.94923
0.94923
0.0851109
0.0851109
0.220704
0.220704
0.356297
0.356297
0.491891
0.491891
0.627484
0.627484
0.763077
0.763077
0.89867
0.89867
0.0345508
0.0345508
0.170144
0.170144
0.305737
0.305737
0.44133
0.44133
0.576924
0.576924
0.712517
0.712517
0.84811
0.84811
0.983703
0.983703
0.119584
0.119584
0.255177
0.255177
0.39077
0.39077
0.526363
0.526363
0.661957
0.661957
0.79755
0.79755
0.933143
0.933143
0.0690236
0.0690236
0.204617
0.204617
0.34021
0.34021
0.475803
0.475803
0.611396
0.611396
0.74699
0.74699
0.882583
0.882583
0.0184634
0.0184634
0.154057
0.154057
0.28965
0.28965
0.425243
0.425243
0.560836
0.560836
0.696429
0.696429
0.832023
0.832023
0.967616
0.967616
0.17474
0.17474
0.310334
0.310334
0.445927
0.445927
0.58152
0.58152
0.717113
0.717113
0.852706
0.852706
0.9883
0.9883
0.12418
0.12418
0.259773
0.259773
0.395367
0.395367
0.53096
0.53096
0.666553
0.666553
0.802146
0.802146
0.937739
0.937739
0.07362
0.07362
0.209213
0.209213
0.344806
0.344806
0.4804
0.4804
0.615993
0.615993
0.751586
0.751586
0.887179
0.887179
0.0230598
0.0230598
0.158653
0.158653
0.294246
0.294246
0.429839
0.429839
0.565433
0.565433
0.701026
0.701026
0.836619
0.836619
0.972212
0.972212
0.108093
0.108093
0.243686
0.243686
0.379279
0.379279
0.514872
0.514872
0.650466
0.650466
0.786059
0.786059
0.921652
0.921652
0.0575327
0.0575327
0.193126
0.193126
0.328719
0.328719
0.464312
0.464312
0.599906
0.599906
0.735499
0.735499
0.871092
0.871092
0.00697248
0.00697248
0.142566
0.142566
0.278159
0.278159
0.413752
0.413752
0.549345
0.549345
0.684939
0.684939
0.820532
0.820532
0.956125
0.956125
0.0920055
0.0920055
0.227599
0.227599
0.363192
0.363192
0.498785
0.498785
0.634378
0.634378
0.769972
0.769972
0.905565
0.905565
0.0414453
0.0414453
0.177039
0.177039
0.312632
0.312632
0.448225
0.448225
0.583818
0.583818
0.719411
0.719411
0.855005
0.855005
0.990598
0.990598
0.126478
0.126478
0.262072
0.262072
0.397665
0.397665
0.533258
0.533258
0.668851
0.668851
0.804444
0.804444
0.940038
0.940038
0.0759182
0.0759182
0.211511
0.211511
0.347105
0.347105
0.482698
0.482698
0.618291
0.618291
0.753884
0.753884
0.889477
0.889477
0.025358
0.025358
0.160951
0.160951
0.296544
0.296544
0.432138
0.432138
0.567731
0.567731
0.703324
0.703324
0.838917
0.838917
0.974511
0.974511
0.110391
0.110391
0.245984
0.245984
0.381577
0.381577
0.517171
0.517171
0.652764
0.652764
0.788357
0.788357
0.92395
0.92395
0.0598308
0.0598308
0.195424
0.195424
0.331017
0.331017
0.466611
0.466611
0.602204
0.602204
0.737797
0.737797
0.87339
0.87339
0.00927067
0.00927067
0.144864
0.144864
0.280457
0.280457
0.41605
0.41605
0.551644
0.551644
0.687237
0.687237
0.82283
0.82283
0.958423
0.958423
0.0943037
0.0943037
0.229897
0.229897
0.36549
0.36549
0.501083
0.501083
0.636677
0.636677
0.77227
0.77227
0.907863
0.907863
0.0437435
0.0437435
0.179337
0.179337
0.31493
0.31493
0.450523
0.450523
0.586116
0.586116
0.72171
0.72171
0.857303
0.857303
0.992896
0.992896
0.128777
0.128777
0.26437
0.26437
0.399963
0.399963
0.535556
0.535556
0.671149
0.671149
0.806743
0.806743
0.942336
0.942336
0.0782164
0.0782164
0.21381
0.21381
0.349403
0.349403
0.484996
0.484996
0.620589
0.620589
0.756182
0.756182
0.891776
0.891776
0.0276562
0.0276562
0.163249
0.163249
0.298843
0.298843
0.434436
0.434436
0.570029
0.570029
0.705622
0.705622
0.841215
0.841215
0.976809
0.976809
0.112689
0.112689
0.248282
0.248282
0.383876
0.383876
0.519469
0.519469
0.655062
0.655062
0.790655
0.790655
0.926249
0.926249
0.062129
0.062129
0.197722
0.197722
0.333315
0.333315
0.468909
0.468909
0.604502
0.604502
0.740095
0.740095
0.875688
0.875688
0.0115689
0.0115689
0.147162
0.147162
0.282755
0.282755
0.418348
0.418348
0.553942
0.553942
0.689535
0.689535
0.825128
0.825128
0.960721
0.960721
0.0966019
0.0966019
0.232195
0.232195
0.367788
0.367788
0.503382
0.503382
0.638975
0.638975
0.774568
0.774568
0.910161
0.910161
0.0460417
0.0460417
0.181635
0.181635
0.317228
0.317228
0.452821
0.452821
0.588415
0.588415
0.724008
0.724008
0.859601
0.859601
0.995194
0.995194
0.131075
0.131075
0.266668
0.266668
0.402261
0.402261
0.537854
0.537854
0.673448
0.673448
0.809041
0.809041
0.944634
0.944634
0.0805146
0.0805146
0.216108
0.216108
0.351701
0.351701
0.487294
0.487294
0.622887
0.622887
0.758481
0.758481
0.894074
0.894074
0.0299544
0.0299544
0.165548
0.165548
0.301141
0.301141
0.436734
0.436734
0.572327
0.572327
0.70792
0.70792
0.843514
0.843514
0.979107
0.979107
0.114987
0.114987
0.250581
0.250581
0.386174
0.386174
0.521767
0.521767
0.65736
0.65736
0.792953
0.792953
0.928547
0.928547
0.0644272
0.0644272
0.20002
0.20002
0.335614
0.335614
0.471207
0.471207
0.6068
0.6068
0.742393
0.742393
0.877987
0.877987
0.013867
0.013867
0.14946
0.14946
0.285053
0.285053
0.420647
0.420647
0.55624
0.55624
0.691833
0.691833
0.827426
0.827426
0.96302
0.96302
0.0989001
0.0989001
0.234493
0.234493
0.370087
0.370087
0.559979
0.559979
0.695573
0.695573
0.831166
0.831166
0.966759
0.966759
0.10264
0.10264
0.238233
0.238233
0.373826
0.373826
0.509419
0.509419
0.645012
0.645012
0.780606
0.780606
0.916199
0.916199
0.0520793
0.0520793
0.187673
0.187673
0.323266
0.323266
0.458859
0.458859
0.594452
0.594452
0.730045
0.730045
0.865639
0.865639
0.00151914
0.00151914
0.137112
0.137112
0.272706
0.272706
0.408299
0.408299
0.543892
0.543892
0.679485
0.679485
0.815078
0.815078
0.950672
0.950672
0.0865522
0.0865522
0.222145
0.222145
0.357739
0.357739
0.493332
0.493332
0.628925
0.628925
0.764518
0.764518
0.900111
0.900111
0.035992
0.035992
0.171585
0.171585
0.307178
0.307178
0.442772
0.442772
0.578365
0.578365
0.713958
0.713958
0.849551
0.849551
0.985145
0.985145
0.121025
0.121025
0.256618
0.256618
0.392211
0.392211
0.527805
0.527805
0.663398
0.663398
0.798991
0.798991
0.934584
0.934584
0.0704648
0.0704648
0.206058
0.206058
0.341651
0.341651
0.477244
0.477244
0.612838
0.612838
0.748431
0.748431
0.884024
0.884024
0.0199047
0.0199047
0.155498
0.155498
0.291091
0.291091
0.426684
0.426684
0.562278
0.562278
0.697871
0.697871
0.833464
0.833464
0.969057
0.969057
0.104938
0.104938
0.240531
0.240531
0.376124
0.376124
0.511717
0.511717
0.647311
0.647311
0.782904
0.782904
0.918497
0.918497
0.0543775
0.0543775
0.189971
0.189971
0.325564
0.325564
0.461157
0.461157
0.59675
0.59675
0.732344
0.732344
0.867937
0.867937
0.00381733
0.00381733
0.139411
0.139411
0.275004
0.275004
0.410597
0.410597
0.54619
0.54619
0.681783
0.681783
0.817377
0.817377
0.95297
0.95297
0.0888504
0.0888504
0.224444
0.224444
0.360037
0.360037
0.49563
0.49563
0.631223
0.631223
0.766816
0.766816
0.90241
0.90241
0.0382902
0.0382902
0.173883
0.173883
0.309477
0.309477
0.44507
0.44507
0.580663
0.580663
0.716256
0.716256
0.85185
0.85185
0.987443
0.987443
0.123323
0.123323
0.258916
0.258916
0.39451
0.39451
0.530103
0.530103
0.665696
0.665696
0.801289
0.801289
0.936883
0.936883
0.072763
0.072763
0.208356
0.208356
0.343949
0.343949
0.479543
0.479543
0.615136
0.615136
0.750729
0.750729
0.886322
0.886322
0.0222029
0.0222029
0.157796
0.157796
0.293389
0.293389
0.428983
0.428983
0.564576
0.564576
0.700169
0.700169
0.835762
0.835762
0.971355
0.971355
0.107236
0.107236
0.242829
0.242829
0.378422
0.378422
0.514016
0.514016
0.649609
0.649609
0.785202
0.785202
0.920795
0.920795
0.0566757
0.0566757
0.192269
0.192269
0.327862
0.327862
0.463455
0.463455
0.599049
0.599049
0.734642
0.734642
0.870235
0.870235
0.00611552
0.00611552
0.141709
0.141709
0.277302
0.277302
0.412895
0.412895
0.548488
0.548488
0.684082
0.684082
0.819675
0.819675
0.955268
0.955268
0.0911486
0.0911486
0.226742
0.226742
0.362335
0.362335
0.497928
0.497928
0.633521
0.633521
0.769115
0.769115
0.904708
0.904708
0.0405884
0.0405884
0.176182
0.176182
0.311775
0.311775
0.447368
0.447368
0.582961
0.582961
0.718554
0.718554
0.854148
0.854148
0.989741
0.989741
0.125621
0.125621
0.261215
0.261215
0.396808
0.396808
0.532401
0.532401
0.667994
0.667994
0.803588
0.803588
0.939181
0.939181
0.0750612
0.0750612
0.210654
0.210654
0.346248
0.346248
0.481841
0.481841
0.617434
0.617434
0.753027
0.753027
0.888621
0.888621
0.024501
0.024501
0.160094
0.160094
0.295687
0.295687
0.431281
0.431281
0.566874
0.566874
0.702467
0.702467
0.83806
0.83806
0.973654
0.973654
0.109534
0.109534
0.245127
0.245127
0.38072
0.38072
0.516314
0.516314
0.651907
0.651907
0.7875
0.7875
0.923093
0.923093
0.0589739
0.0589739
0.194567
0.194567
0.33016
0.33016
0.465754
0.465754
0.601347
0.601347
0.73694
0.73694
0.872533
0.872533
0.00841371
0.00841371
0.144007
0.144007
0.2796
0.2796
0.415193
0.415193
0.550787
0.550787
0.68638
0.68638
0.821973
0.821973
0.957566
0.957566
0.0934468
0.0934468
0.22904
0.22904
0.364633
0.364633
0.500226
0.500226
0.63582
0.63582
0.771413
0.771413
0.907006
0.907006
0.0428866
0.0428866
0.17848
0.17848
0.314073
0.314073
0.449666
0.449666
0.585259
0.585259
0.720853
0.720853
0.856446
0.856446
0.992039
0.992039
0.12792
0.12792
0.263513
0.263513
0.399106
0.399106
0.534699
0.534699
0.670292
0.670292
0.805886
0.805886
0.941479
0.941479
0.0773594
0.0773594
0.212953
0.212953
0.348546
0.348546
0.484139
0.484139
0.619732
0.619732
0.755326
0.755326
0.962163
0.962163
0.0980431
0.0980431
0.233636
0.233636
0.36923
0.36923
0.504823
0.504823
0.640416
0.640416
0.776009
0.776009
0.911602
0.911602
0.0474829
0.0474829
0.183076
0.183076
0.318669
0.318669
0.454263
0.454263
0.589856
0.589856
0.725449
0.725449
0.861042
0.861042
0.996635
0.996635
0.132516
0.132516
0.268109
0.268109
0.403702
0.403702
0.539296
0.539296
0.674889
0.674889
0.810482
0.810482
0.946075
0.946075
0.0819558
0.0819558
0.217549
0.217549
0.353142
0.353142
0.488735
0.488735
0.624329
0.624329
0.759922
0.759922
0.895515
0.895515
0.0313956
0.0313956
0.166989
0.166989
0.302582
0.302582
0.438175
0.438175
0.573769
0.573769
0.709362
0.709362
0.844955
0.844955
0.980548
0.980548
0.116429
0.116429
0.252022
0.252022
0.387615
0.387615
0.523208
0.523208
0.658802
0.658802
0.794395
0.794395
0.929988
0.929988
0.0658685
0.0658685
0.201462
0.201462
0.337055
0.337055
0.472648
0.472648
0.608241
0.608241
0.743835
0.743835
0.879428
0.879428
0.0153083
0.0153083
0.150902
0.150902
0.286495
0.286495
0.422088
0.422088
0.557681
0.557681
0.693274
0.693274
0.828868
0.828868
0.964461
0.964461
0.100341
0.100341
0.235935
0.235935
0.371528
0.371528
0.507121
0.507121
0.642714
0.642714
0.778307
0.778307
0.913901
0.913901
0.0497811
0.0497811
0.185374
0.185374
0.320968
0.320968
0.456561
0.456561
0.592154
0.592154
0.727747
0.727747
0.86334
0.86334
0.998934
0.998934
0.134814
0.134814
0.270407
0.270407
0.406001
0.406001
0.541594
0.541594
0.677187
0.677187
0.81278
0.81278
0.948374
0.948374
0.084254
0.084254
0.219847
0.219847
0.35544
0.35544
0.491034
0.491034
0.626627
0.626627
0.76222
0.76222
0.897813
0.897813
0.0336938
0.0336938
0.169287
0.169287
0.30488
0.30488
0.440473
0.440473
0.576067
0.576067
0.136255
0.136255
0.441915
0.441915
0.662541
0.662541
0.798134
0.798134
0.933727
0.933727
0.0696079
0.0696079
0.205201
0.205201
0.340794
0.340794
0.476388
0.476388
0.611981
0.611981
0.747574
0.747574
0.883167
0.883167
0.0190477
0.0190477
0.154641
0.154641
0.290234
0.290234
0.425827
0.425827
0.561421
0.561421
0.697014
0.697014
0.832607
0.832607
0.9682
0.9682
0.104081
0.104081
0.239674
0.239674
0.375267
0.375267
0.51086
0.51086
0.646454
0.646454
0.782047
0.782047
0.91764
0.91764
0.0535206
0.0535206
0.189114
0.189114
0.324707
0.324707
0.4603
0.4603
0.595893
0.595893
0.731487
0.731487
0.86708
0.86708
0.00296038
0.00296038
0.138554
0.138554
0.274147
0.274147
0.40974
0.40974
0.545333
0.545333
0.680927
0.680927
0.81652
0.81652
0.952113
0.952113
0.0879934
0.0879934
0.223587
0.223587
0.35918
0.35918
0.494773
0.494773
0.630366
0.630366
0.76596
0.76596
0.901553
0.901553
0.0374332
0.0374332
0.173026
0.173026
0.30862
0.30862
0.444213
0.444213
0.579806
0.579806
0.715399
0.715399
0.850993
0.850993
0.986586
0.986586
0.122466
0.122466
0.25806
0.25806
0.393653
0.393653
0.529246
0.529246
0.664839
0.664839
0.800432
0.800432
0.936026
0.936026
0.0719061
0.0719061
0.207499
0.207499
0.343093
0.343093
0.478686
0.478686
0.614279
0.614279
0.749872
0.749872
0.885465
0.885465
0.0213459
0.0213459
0.156939
0.156939
0.292532
0.292532
0.428126
0.428126
0.563719
0.563719
0.699312
0.699312
0.834905
0.834905
0.970498
0.970498
0.106379
0.106379
0.241972
0.241972
0.377565
0.377565
0.513159
0.513159
0.648752
0.648752
0.784345
0.784345
0.919938
0.919938
0.0558188
0.0558188
0.191412
0.191412
0.327005
0.327005
0.462598
0.462598
0.598192
0.598192
0.733785
0.733785
0.869378
0.869378
0.00525857
0.00525857
0.140852
0.140852
0.347689
0.347689
0.483282
0.483282
0.618875
0.618875
0.754469
0.754469
0.890062
0.890062
0.0259423
0.0259423
0.161536
0.161536
0.297129
0.297129
0.432722
0.432722
0.568315
0.568315
0.703908
0.703908
0.839502
0.839502
0.975095
0.975095
0.110975
0.110975
0.246569
0.246569
0.382162
0.382162
0.517755
0.517755
0.653348
0.653348
0.788941
0.788941
0.924535
0.924535
0.0604151
0.0604151
0.196008
0.196008
0.331602
0.331602
0.467195
0.467195
0.602788
0.602788
0.738381
0.738381
0.873974
0.873974
0.00985495
0.00985495
0.145448
0.145448
0.281041
0.281041
0.416635
0.416635
0.552228
0.552228
0.687821
0.687821
0.823414
0.823414
0.959007
0.959007
0.094888
0.094888
0.230481
0.230481
0.366074
0.366074
0.501668
0.501668
0.637261
0.637261
0.772854
0.772854
0.908447
0.908447
0.0443278
0.0443278
0.179921
0.179921
0.315514
0.315514
0.451107
0.451107
0.586701
0.586701
0.722294
0.722294
0.857887
0.857887
0.99348
0.99348
0.129361
0.129361
0.264954
0.264954
0.400547
0.400547
0.53614
0.53614
0.671734
0.671734
0.807327
0.807327
0.94292
0.94292
0.0788007
0.0788007
0.214394
0.214394
0.349987
0.349987
0.48558
0.48558
0.621174
0.621174
0.756767
0.756767
0.89236
0.89236
0.0282405
0.0282405
0.163834
0.163834
0.299427
0.299427
0.43502
0.43502
0.570613
0.570613
0.706207
0.706207
0.8418
0.8418
0.977393
0.977393
0.113274
0.113274
0.248867
0.248867
0.38446
0.38446
0.520053
0.520053
0.655646
0.655646
0.79124
0.79124
0.926833
0.926833
0.0627133
0.0627133
0.198307
0.198307
0.3339
0.3339
0.469493
0.469493
0.605086
0.605086
0.740679
0.740679
0.876273
0.876273
0.0121531
0.0121531
0.147746
0.147746
0.28334
0.28334
0.418933
0.418933
0.554526
0.554526
0.690119
0.690119
0.825712
0.825712
0.961306
0.961306
0.0971862
0.0971862
0.232779
0.232779
0.368373
0.368373
0.503966
0.503966
0.639559
0.639559
0.775152
0.775152
0.910745
0.910745
0.046626
0.046626
0.182219
0.182219
0.317812
0.317812
0.453406
0.453406
0.588999
0.588999
0.724592
0.724592
0.860185
0.860185
0.995779
0.995779
0.131659
0.131659
0.267252
0.267252
0.402845
0.402845
0.538439
0.538439
0.674032
0.674032
0.809625
0.809625
0.945218
0.945218
0.0810988
0.0810988
0.216692
0.216692
0.352285
0.352285
0.487879
0.487879
0.623472
0.623472
0.759065
0.759065
0.894658
0.894658
0.0305387
0.0305387
0.166132
0.166132
0.301725
0.301725
0.437318
0.437318
0.572912
0.572912
0.708505
0.708505
0.844098
0.844098
0.979691
0.979691
0.115572
0.115572
0.251165
0.251165
0.386758
0.386758
0.522351
0.522351
0.657945
0.657945
0.793538
0.793538
0.929131
0.929131
0.0650115
0.0650115
0.200605
0.200605
0.336198
0.336198
0.471791
0.471791
0.607384
0.607384
0.742978
0.742978
0.878571
0.878571
0.0144513
0.0144513
0.150045
0.150045
0.285638
0.285638
0.421231
0.421231
0.556824
0.556824
0.692417
0.692417
0.828011
0.828011
0.963604
0.963604
0.0994844
0.0994844
0.235078
0.235078
0.370671
0.370671
0.506264
0.506264
0.641857
0.641857
0.77745
0.77745
0.913044
0.913044
0.0489242
0.0489242
0.184517
0.184517
0.320111
0.320111
0.455704
0.455704
0.591297
0.591297
0.72689
0.72689
0.862484
0.862484
0.998077
0.998077
0.133957
0.133957
0.26955
0.26955
0.405144
0.405144
0.540737
0.540737
0.67633
0.67633
0.811923
0.811923
0.947517
0.947517
0.083397
0.083397
0.21899
0.21899
0.354584
0.354584
0.490177
0.490177
0.62577
0.62577
0.761363
0.761363
0.896956
0.896956
0.0328369
0.0328369
0.16843
0.16843
0.304023
0.304023
0.439617
0.439617
0.57521
0.57521
0.710803
0.710803
0.846396
0.846396
0.981989
0.981989
0.11787
0.11787
0.253463
0.253463
0.389056
0.389056
0.52465
0.52465
0.660243
0.660243
0.795836
0.795836
0.931429
0.931429
0.0673097
0.0673097
0.202903
0.202903
0.338496
0.338496
0.474089
0.474089
0.609683
0.609683
0.745276
0.745276
0.880869
0.880869
0.0167495
0.0167495
0.152343
0.152343
0.287936
0.287936
0.423529
0.423529
0.559122
0.559122
0.694716
0.694716
0.830309
0.830309
0.965902
0.965902
0.0848383
0.0848383
0.220431
0.220431
0.356025
0.356025
0.491618
0.491618
0.627211
0.627211
0.762804
0.762804
0.898398
0.898398
0.0342781
0.0342781
0.169871
0.169871
0.305465
0.305465
0.441058
0.441058
0.576651
0.576651
0.712244
0.712244
0.847837
0.847837
0.983431
0.983431
0.119311
0.119311
0.254904
0.254904
0.390498
0.390498
0.526091
0.526091
0.732928
0.732928
0.868521
0.868521
0.00440162
0.00440162
0.139995
0.139995
0.275588
0.275588
0.411181
0.411181
0.546775
0.546775
0.682368
0.682368
0.817961
0.817961
0.953554
0.953554
0.0894347
0.0894347
0.225028
0.225028
0.360621
0.360621
0.496214
0.496214
0.631808
0.631808
0.767401
0.767401
0.902994
0.902994
0.0388745
0.0388745
0.174468
0.174468
0.310061
0.310061
0.445654
0.445654
0.581247
0.581247
0.716841
0.716841
0.852434
0.852434
0.988027
0.988027
0.123908
0.123908
0.259501
0.259501
0.395094
0.395094
0.530687
0.530687
0.66628
0.66628
0.801874
0.801874
0.937467
0.937467
0.0733473
0.0733473
0.208941
0.208941
0.344534
0.344534
0.480127
0.480127
0.61572
0.61572
0.751313
0.751313
0.886907
0.886907
0.0227871
0.0227871
0.15838
0.15838
0.293974
0.293974
0.429567
0.429567
0.56516
0.56516
0.700753
0.700753
0.836346
0.836346
0.97194
0.97194
0.10782
0.10782
0.243413
0.243413
0.379007
0.379007
0.5146
0.5146
0.650193
0.650193
0.785786
0.785786
0.92138
0.92138
0.05726
0.05726
0.192853
0.192853
0.328446
0.328446
0.46404
0.46404
0.599633
0.599633
0.735226
0.735226
0.870819
0.870819
0.00669981
0.00669981
0.142293
0.142293
0.277886
0.277886
0.413479
0.413479
0.549073
0.549073
0.684666
0.684666
0.820259
0.820259
0.955852
0.955852
0.0917329
0.0917329
0.227326
0.227326
0.362919
0.362919
0.498512
0.498512
0.634106
0.634106
0.769699
0.769699
0.905292
0.905292
0.0411727
0.0411727
0.176766
0.176766
0.312359
0.312359
0.447952
0.447952
0.583546
0.583546
0.719139
0.719139
0.854732
0.854732
0.990325
0.990325
0.126206
0.126206
0.261799
0.261799
0.397392
0.397392
0.532985
0.532985
0.668579
0.668579
0.804172
0.804172
0.939765
0.939765
0.0756455
0.0756455
0.211239
0.211239
0.346832
0.346832
0.482425
0.482425
0.618018
0.618018
0.753612
0.753612
0.889205
0.889205
0.0250853
0.0250853
0.160679
0.160679
0.296272
0.296272
0.431865
0.431865
0.567458
0.567458
0.703051
0.703051
0.838645
0.838645
0.974238
0.974238
0.110118
0.110118
0.245712
0.245712
0.381305
0.381305
0.516898
0.516898
0.652491
0.652491
0.788084
0.788084
0.923678
0.923678
0.0595582
0.0595582
0.195151
0.195151
0.330745
0.330745
0.466338
0.466338
0.601931
0.601931
0.737524
0.737524
0.873118
0.873118
0.008998
0.008998
0.144591
0.144591
0.280184
0.280184
0.415778
0.415778
0.551371
0.551371
0.686964
0.686964
0.822557
0.822557
0.958151
0.958151
0.094031
0.094031
0.229624
0.229624
0.365217
0.365217
0.500811
0.500811
0.636404
0.636404
0.771997
0.771997
0.90759
0.90759
0.0434708
0.0434708
0.179064
0.179064
0.314657
0.314657
0.450251
0.450251
0.585844
0.585844
0.721437
0.721437
0.85703
0.85703
0.992623
0.992623
0.128504
0.128504
0.264097
0.264097
0.39969
0.39969
0.535284
0.535284
0.670877
0.670877
0.80647
0.80647
0.942063
0.942063
0.0779437
0.0779437
0.213537
0.213537
0.34913
0.34913
0.484723
0.484723
0.620317
0.620317
0.75591
0.75591
0.891503
0.891503
0.0273835
0.0273835
0.162977
0.162977
0.29857
0.29857
0.434163
0.434163
0.569756
0.569756
0.70535
0.70535
0.840943
0.840943
0.976536
0.976536
0.112417
0.112417
0.24801
0.24801
0.383603
0.383603
0.519196
0.519196
0.654789
0.654789
0.790383
0.790383
0.925976
0.925976
0.0618564
0.0618564
0.19745
0.19745
0.333043
0.333043
0.468636
0.468636
0.604229
0.604229
0.739823
0.739823
0.875416
0.875416
0.0112962
0.0112962
0.146889
0.146889
0.282483
0.282483
0.418076
0.418076
0.553669
0.553669
0.689262
0.689262
0.824856
0.824856
0.960449
0.960449
0.0963292
0.0963292
0.231922
0.231922
0.367516
0.367516
0.503109
0.503109
0.638702
0.638702
0.774295
0.774295
0.909889
0.909889
0.045769
0.045769
0.181362
0.181362
0.316955
0.316955
0.452549
0.452549
0.588142
0.588142
0.723735
0.723735
0.859328
0.859328
0.994922
0.994922
0.130802
0.130802
0.266395
0.266395
0.401989
0.401989
0.537582
0.537582
0.673175
0.673175
0.808768
0.808768
0.944361
0.944361
0.0802419
0.0802419
0.215835
0.215835
0.351428
0.351428
0.487022
0.487022
0.622615
0.622615
0.758208
0.758208
0.893801
0.893801
0.0296817
0.0296817
0.165275
0.165275
0.300868
0.300868
0.436461
0.436461
0.572055
0.572055
0.707648
0.707648
0.843241
0.843241
0.978834
0.978834
0.114715
0.114715
0.250308
0.250308
0.385901
0.385901
0.521494
0.521494
0.657088
0.657088
0.792681
0.792681
0.928274
0.928274
0.135398
0.135398
0.270992
0.270992
0.406585
0.406585
0.542178
0.542178
0.677771
0.677771
0.813365
0.813365
0.948958
0.948958
0.067894
0.067894
0.203487
0.203487
0.33908
0.33908
0.474674
0.474674
0.610267
0.610267
0.74586
0.74586
0.881453
0.881453
0.0173338
0.0173338
0.152927
0.152927
0.28852
0.28852
0.424113
0.424113
0.559707
0.559707
0.6953
0.6953
0.830893
0.830893
0.966486
0.966486
0.102367
0.102367
0.23796
0.23796
0.373553
0.373553
0.509147
0.509147
0.64474
0.64474
0.780333
0.780333
0.915926
0.915926
0.0518067
0.0518067
0.1874
0.1874
0.322993
0.322993
0.458586
0.458586
0.59418
0.59418
0.729773
0.729773
0.865366
0.865366
0.00124648
0.00124648
0.13684
0.13684
0.272433
0.272433
0.408026
0.408026
0.543619
0.543619
0.679213
0.679213
0.814806
0.814806
0.950399
0.950399
0.0862795
0.0862795
0.221873
0.221873
0.357466
0.357466
0.493059
0.493059
0.628652
0.628652
0.764246
0.764246
0.899839
0.899839
0.0357193
0.0357193
0.171313
0.171313
0.306906
0.306906
0.442499
0.442499
0.578092
0.578092
0.713685
0.713685
0.849279
0.849279
0.984872
0.984872
0.120752
0.120752
0.256346
0.256346
0.391939
0.391939
0.527532
0.527532
0.663125
0.663125
0.798719
0.798719
0.934312
0.934312
0.0701922
0.0701922
0.205785
0.205785
0.341379
0.341379
0.476972
0.476972
0.612565
0.612565
0.748158
0.748158
0.883752
0.883752
0.019632
0.019632
0.155225
0.155225
0.290818
0.290818
0.426412
0.426412
0.562005
0.562005
0.697598
0.697598
0.833191
0.833191
0.968785
0.968785
0.104665
0.104665
0.240258
0.240258
0.375851
0.375851
0.511445
0.511445
0.647038
0.647038
0.782631
0.782631
0.918224
0.918224
0.0541048
0.0541048
0.189698
0.189698
0.325291
0.325291
0.460885
0.460885
0.596478
0.596478
0.732071
0.732071
0.867664
0.867664
0.00354467
0.00354467
0.139138
0.139138
0.274731
0.274731
0.410324
0.410324
0.545918
0.545918
0.681511
0.681511
0.817104
0.817104
0.952697
0.952697
0.0885777
0.0885777
0.224171
0.224171
0.359764
0.359764
0.495357
0.495357
0.630951
0.630951
0.766544
0.766544
0.902137
0.902137
0.0380175
0.0380175
0.173611
0.173611
0.309204
0.309204
0.444797
0.444797
0.58039
0.58039
0.715984
0.715984
0.851577
0.851577
0.98717
0.98717
0.123051
0.123051
0.258644
0.258644
0.394237
0.394237
0.52983
0.52983
0.665423
0.665423
0.801017
0.801017
0.93661
0.93661
0.0724904
0.0724904
0.208084
0.208084
0.343677
0.343677
0.47927
0.47927
0.614863
0.614863
0.750456
0.750456
0.88605
0.88605
0.0219302
0.0219302
0.157523
0.157523
0.293117
0.293117
0.42871
0.42871
0.564303
0.564303
0.699896
0.699896
0.83549
0.83549
0.971083
0.971083
0.106963
0.106963
0.242556
0.242556
0.37815
0.37815
0.513743
0.513743
0.649336
0.649336
0.784929
0.784929
0.920523
0.920523
0.056403
0.056403
0.191996
0.191996
0.32759
0.32759
0.463183
0.463183
0.598776
0.598776
0.734369
0.734369
0.869962
0.869962
0.00584286
0.00584286
0.141436
0.141436
0.277029
0.277029
0.412623
0.412623
0.548216
0.548216
0.683809
0.683809
0.819402
0.819402
0.954995
0.954995
0.0908759
0.0908759
0.226469
0.226469
0.362062
0.362062
0.497656
0.497656
0.633249
0.633249
0.768842
0.768842
0.904435
0.904435
0.0403157
0.0403157
0.175909
0.175909
0.311502
0.311502
0.447095
0.447095
0.582689
0.582689
0.718282
0.718282
0.853875
0.853875
0.989468
0.989468
0.125349
0.125349
0.260942
0.260942
0.396535
0.396535
0.532128
0.532128
0.667722
0.667722
0.803315
0.803315
0.938908
0.938908
0.0747886
0.0747886
0.210382
0.210382
0.345975
0.345975
0.481568
0.481568
0.617161
0.617161
0.752755
0.752755
0.888348
0.888348
0.0242284
0.0242284
0.159822
0.159822
0.295415
0.295415
0.431008
0.431008
0.566601
0.566601
0.702194
0.702194
0.837788
0.837788
0.973381
0.973381
0.109261
0.109261
0.244855
0.244855
0.380448
0.380448
0.516041
0.516041
0.651634
0.651634
0.787228
0.787228
0.922821
0.922821
0.0587012
0.0587012
0.194294
0.194294
0.329888
0.329888
0.465481
0.465481
0.601074
0.601074
0.736667
0.736667
0.872261
0.872261
0.00814105
0.00814105
0.143734
0.143734
0.279328
0.279328
0.414921
0.414921
0.550514
0.550514
0.686107
0.686107
0.8217
0.8217
0.957294
0.957294
0.0931741
0.0931741
0.228767
0.228767
0.364361
0.364361
0.499954
0.499954
0.635547
0.635547
0.77114
0.77114
0.906733
0.906733
0.0426139
0.0426139
0.178207
0.178207
0.3138
0.3138
0.520637
0.520637
0.656231
0.656231
0.791824
0.791824
0.927417
0.927417
0.0632976
0.0632976
0.198891
0.198891
0.334484
0.334484
0.470077
0.470077
0.605671
0.605671
0.741264
0.741264
0.876857
0.876857
0.0127374
0.0127374
0.148331
0.148331
0.283924
0.283924
0.419517
0.419517
0.55511
0.55511
0.690704
0.690704
0.826297
0.826297
0.96189
0.96189
0.0977705
0.0977705
0.233364
0.233364
0.368957
0.368957
0.50455
0.50455
0.640143
0.640143
0.775737
0.775737
0.91133
0.91133
0.0472103
0.0472103
0.182803
0.182803
0.318397
0.318397
0.45399
0.45399
0.589583
0.589583
0.725176
0.725176
0.86077
0.86077
0.996363
0.996363
0.132243
0.132243
0.267837
0.267837
0.40343
0.40343
0.539023
0.539023
0.674616
0.674616
0.810209
0.810209
0.945803
0.945803
0.0816831
0.0816831
0.217276
0.217276
0.35287
0.35287
0.488463
0.488463
0.624056
0.624056
0.759649
0.759649
0.895242
0.895242
0.0311229
0.0311229
0.166716
0.166716
0.302309
0.302309
0.437903
0.437903
0.573496
0.573496
0.709089
0.709089
0.844682
0.844682
0.980276
0.980276
0.116156
0.116156
0.251749
0.251749
0.387342
0.387342
0.522936
0.522936
0.658529
0.658529
0.794122
0.794122
0.929715
0.929715
0.0655958
0.0655958
0.201189
0.201189
0.336782
0.336782
0.472375
0.472375
0.607969
0.607969
0.743562
0.743562
0.879155
0.879155
0.0150356
0.0150356
0.150629
0.150629
0.286222
0.286222
0.421815
0.421815
0.557409
0.557409
0.693002
0.693002
0.828595
0.828595
0.964188
0.964188
0.100069
0.100069
0.235662
0.235662
0.371255
0.371255
0.506848
0.506848
0.642442
0.642442
0.778035
0.778035
0.913628
0.913628
0.0495085
0.0495085
0.185102
0.185102
0.320695
0.320695
0.456288
0.456288
0.591881
0.591881
0.727475
0.727475
0.863068
0.863068
0.998661
0.998661
0.134541
0.134541
0.270135
0.270135
0.405728
0.405728
0.541321
0.541321
0.676914
0.676914
0.812508
0.812508
0.948101
0.948101
0.0839813
0.0839813
0.219575
0.219575
0.355168
0.355168
0.490761
0.490761
0.626354
0.626354
0.761947
0.761947
0.897541
0.897541
0.0334211
0.0334211
0.169014
0.169014
0.304608
0.304608
0.440201
0.440201
0.575794
0.575794
0.711387
0.711387
0.84698
0.84698
0.982574
0.982574
0.118454
0.118454
0.254047
0.254047
0.389641
0.389641
0.525234
0.525234
0.660827
0.660827
0.79642
0.79642
0.932014
0.932014
0.0509497
0.0509497
0.186543
0.186543
0.322136
0.322136
0.457729
0.457729
0.593323
0.593323
0.728916
0.728916
0.864509
0.864509
0.000389524
0.000389524
0.135983
0.135983
0.271576
0.271576
0.407169
0.407169
0.542762
0.542762
0.678356
0.678356
0.813949
0.813949
0.949542
0.949542
0.0854226
0.0854226
0.221016
0.221016
0.356609
0.356609
0.492202
0.492202
0.627795
0.627795
0.763389
0.763389
0.898982
0.898982
0.0348624
0.0348624
0.170456
0.170456
0.306049
0.306049
0.441642
0.441642
0.577235
0.577235
0.712828
0.712828
0.848422
0.848422
0.984015
0.984015
0.119895
0.119895
0.255489
0.255489
0.391082
0.391082
0.526675
0.526675
0.662268
0.662268
0.797862
0.797862
0.933455
0.933455
0.0693352
0.0693352
0.204928
0.204928
0.340522
0.340522
0.476115
0.476115
0.611708
0.611708
0.747301
0.747301
0.882895
0.882895
0.018775
0.018775
0.154368
0.154368
0.289961
0.289961
0.425555
0.425555
0.561148
0.561148
0.696741
0.696741
0.832334
0.832334
0.967928
0.967928
0.103808
0.103808
0.239401
0.239401
0.374995
0.374995
0.510588
0.510588
0.646181
0.646181
0.781774
0.781774
0.917367
0.917367
0.0532479
0.0532479
0.188841
0.188841
0.324434
0.324434
0.460028
0.460028
0.595621
0.595621
0.731214
0.731214
0.866807
0.866807
0.00268771
0.00268771
0.138281
0.138281
0.273874
0.273874
0.409467
0.409467
0.545061
0.545061
0.680654
0.680654
0.816247
0.816247
0.95184
0.95184
0.0877208
0.0877208
0.223314
0.223314
0.358907
0.358907
0.4945
0.4945
0.630094
0.630094
0.765687
0.765687
0.90128
0.90128
0.0371606
0.0371606
0.172754
0.172754
0.308347
0.308347
0.44394
0.44394
0.579533
0.579533
0.715127
0.715127
0.85072
0.85072
0.986313
0.986313
0.122194
0.122194
0.257787
0.257787
0.39338
0.39338
0.528973
0.528973
0.664566
0.664566
0.80016
0.80016
0.935753
0.935753
0.0716334
0.0716334
0.207227
0.207227
0.34282
0.34282
0.478413
0.478413
0.614006
0.614006
0.7496
0.7496
0.885193
0.885193
0.0210732
0.0210732
0.156666
0.156666
0.29226
0.29226
0.427853
0.427853
0.563446
0.563446
0.699039
0.699039
0.905876
0.905876
0.041757
0.041757
0.17735
0.17735
0.312943
0.312943
0.448537
0.448537
0.58413
0.58413
0.719723
0.719723
0.855316
0.855316
0.990909
0.990909
0.12679
0.12679
0.262383
0.262383
0.397976
0.397976
0.53357
0.53357
0.669163
0.669163
0.804756
0.804756
0.940349
0.940349
0.0762298
0.0762298
0.211823
0.211823
0.347416
0.347416
0.483009
0.483009
0.618603
0.618603
0.754196
0.754196
0.889789
0.889789
0.0256696
0.0256696
0.161263
0.161263
0.296856
0.296856
0.432449
0.432449
0.568043
0.568043
0.703636
0.703636
0.839229
0.839229
0.974822
0.974822
0.110703
0.110703
0.246296
0.246296
0.381889
0.381889
0.517482
0.517482
0.653076
0.653076
0.788669
0.788669
0.924262
0.924262
0.0601425
0.0601425
0.195736
0.195736
0.331329
0.331329
0.466922
0.466922
0.602515
0.602515
0.738109
0.738109
0.873702
0.873702
0.00958228
0.00958228
0.145176
0.145176
0.280769
0.280769
0.416362
0.416362
0.551955
0.551955
0.687548
0.687548
0.823142
0.823142
0.958735
0.958735
0.0946153
0.0946153
0.230209
0.230209
0.365802
0.365802
0.501395
0.501395
0.636988
0.636988
0.772581
0.772581
0.908175
0.908175
0.0440551
0.0440551
0.179648
0.179648
0.315242
0.315242
0.450835
0.450835
0.586428
0.586428
0.722021
0.722021
0.857614
0.857614
0.993208
0.993208
0.129088
0.129088
0.264681
0.264681
0.400275
0.400275
0.535868
0.535868
0.671461
0.671461
0.807054
0.807054
0.942648
0.942648
0.078528
0.078528
0.214121
0.214121
0.349714
0.349714
0.485308
0.485308
0.620901
0.620901
0.756494
0.756494
0.892087
0.892087
0.0279678
0.0279678
0.163561
0.163561
0.299154
0.299154
0.434747
0.434747
0.570341
0.570341
0.705934
0.705934
0.841527
0.841527
0.97712
0.97712
0.113001
0.113001
0.248594
0.248594
0.384187
0.384187
0.519781
0.519781
0.655374
0.655374
0.790967
0.790967
0.92656
0.92656
0.0624407
0.0624407
0.198034
0.198034
0.333627
0.333627
0.46922
0.46922
0.604814
0.604814
0.740407
0.740407
0.876
0.876
0.0118805
0.0118805
0.147474
0.147474
0.283067
0.283067
0.41866
0.41866
0.554253
0.554253
0.689847
0.689847
0.82544
0.82544
0.961033
0.961033
0.0969135
0.0969135
0.232507
0.232507
0.3681
0.3681
0.503693
0.503693
0.639286
0.639286
0.77488
0.77488
0.910473
0.910473
0.0463533
0.0463533
0.181947
0.181947
0.31754
0.31754
0.453133
0.453133
0.588726
0.588726
0.724319
0.724319
0.859913
0.859913
0.995506
0.995506
0.131386
0.131386
0.26698
0.26698
0.402573
0.402573
0.538166
0.538166
0.673759
0.673759
0.809352
0.809352
0.944946
0.944946
0.0808262
0.0808262
0.216419
0.216419
0.352013
0.352013
0.487606
0.487606
0.623199
0.623199
0.758792
0.758792
0.894385
0.894385
0.030266
0.030266
0.165859
0.165859
0.301452
0.301452
0.437046
0.437046
0.572639
0.572639
0.708232
0.708232
0.843825
0.843825
0.979419
0.979419
0.115299
0.115299
0.250892
0.250892
0.386485
0.386485
0.522079
0.522079
0.657672
0.657672
0.793265
0.793265
0.928858
0.928858
0.0647388
0.0647388
0.200332
0.200332
0.335925
0.335925
0.471519
0.471519
0.607112
0.607112
0.742705
0.742705
0.878298
0.878298
0.0141787
0.0141787
0.149772
0.149772
0.285365
0.285365
0.420958
0.420958
0.556552
0.556552
0.692145
0.692145
0.827738
0.827738
0.963331
0.963331
0.0992117
0.0992117
0.234805
0.234805
0.370398
0.370398
0.505991
0.505991
0.641585
0.641585
0.777178
0.777178
0.912771
0.912771
0.0486515
0.0486515
0.184245
0.184245
0.319838
0.319838
0.455431
0.455431
0.591024
0.591024
0.726618
0.726618
0.862211
0.862211
0.997804
0.997804
0.133685
0.133685
0.269278
0.269278
0.404871
0.404871
0.540464
0.540464
0.676057
0.676057
0.811651
0.811651
0.947244
0.947244
0.0831244
0.0831244
0.218718
0.218718
0.354311
0.354311
0.489904
0.489904
0.625497
0.625497
0.76109
0.76109
0.896684
0.896684
0.0325642
0.0325642
0.168157
0.168157
0.303751
0.303751
0.439344
0.439344
0.574937
0.574937
0.71053
0.71053
0.846123
0.846123
0.981717
0.981717
0.117597
0.117597
0.25319
0.25319
0.388784
0.388784
0.524377
0.524377
0.65997
0.65997
0.795563
0.795563
0.931157
0.931157
0.067037
0.067037
0.20263
0.20263
0.338223
0.338223
0.473817
0.473817
0.60941
0.60941
0.745003
0.745003
0.880596
0.880596
0.0164769
0.0164769
0.15207
0.15207
0.287663
0.287663
0.423257
0.423257
0.55885
0.55885
0.694443
0.694443
0.830036
0.830036
0.965629
0.965629
0.10151
0.10151
0.291403
0.291403
0.426996
0.426996
0.562589
0.562589
0.698182
0.698182
0.833776
0.833776
0.969369
0.969369
0.105249
0.105249
0.240843
0.240843
0.376436
0.376436
0.512029
0.512029
0.647622
0.647622
0.783215
0.783215
0.918809
0.918809
0.0546891
0.0546891
0.190282
0.190282
0.325876
0.325876
0.461469
0.461469
0.597062
0.597062
0.732655
0.732655
0.868248
0.868248
0.00412895
0.00412895
0.139722
0.139722
0.275315
0.275315
0.410909
0.410909
0.546502
0.546502
0.682095
0.682095
0.817688
0.817688
0.953281
0.953281
0.089162
0.089162
0.224755
0.224755
0.360348
0.360348
0.495942
0.495942
0.631535
0.631535
0.767128
0.767128
0.902721
0.902721
0.0386018
0.0386018
0.174195
0.174195
0.309788
0.309788
0.445381
0.445381
0.580975
0.580975
0.716568
0.716568
0.852161
0.852161
0.987754
0.987754
0.123635
0.123635
0.259228
0.259228
0.394821
0.394821
0.530414
0.530414
0.666008
0.666008
0.801601
0.801601
0.937194
0.937194
0.0730747
0.0730747
0.208668
0.208668
0.344261
0.344261
0.479854
0.479854
0.615448
0.615448
0.751041
0.751041
0.886634
0.886634
0.0225145
0.0225145
0.158108
0.158108
0.293701
0.293701
0.429294
0.429294
0.564887
0.564887
0.700481
0.700481
0.836074
0.836074
0.971667
0.971667
0.107548
0.107548
0.243141
0.243141
0.378734
0.378734
0.514327
0.514327
0.64992
0.64992
0.785514
0.785514
0.921107
0.921107
0.0569873
0.0569873
0.192581
0.192581
0.328174
0.328174
0.463767
0.463767
0.59936
0.59936
0.734953
0.734953
0.870547
0.870547
0.00642714
0.00642714
0.14202
0.14202
0.277614
0.277614
0.413207
0.413207
0.5488
0.5488
0.684393
0.684393
0.819986
0.819986
0.95558
0.95558
0.0914602
0.0914602
0.227053
0.227053
0.362647
0.362647
0.49824
0.49824
0.633833
0.633833
0.769426
0.769426
0.905019
0.905019
0.0409
0.0409
0.176493
0.176493
0.312086
0.312086
0.44768
0.44768
0.583273
0.583273
0.718866
0.718866
0.854459
0.854459
0.990053
0.990053
0.125933
0.125933
0.261526
0.261526
0.397119
0.397119
0.532713
0.532713
0.668306
0.668306
0.803899
0.803899
0.939492
0.939492
0.0753728
0.0753728
0.210966
0.210966
0.346559
0.346559
0.482152
0.482152
0.617746
0.617746
0.753339
0.753339
0.888932
0.888932
0.0248127
0.0248127
0.160406
0.160406
0.295999
0.295999
0.431592
0.431592
0.567186
0.567186
0.702779
0.702779
0.838372
0.838372
0.973965
0.973965
0.109846
0.109846
0.245439
0.245439
0.381032
0.381032
0.516625
0.516625
0.652219
0.652219
0.787812
0.787812
0.923405
0.923405
0.0592855
0.0592855
0.194879
0.194879
0.330472
0.330472
0.466065
0.466065
0.601658
0.601658
0.737252
0.737252
0.872845
0.872845
0.00872533
0.00872533
0.144319
0.144319
0.279912
0.279912
0.415505
0.415505
0.551098
0.551098
0.686691
0.686691
0.822285
0.822285
0.957878
0.957878
0.0937584
0.0937584
0.229352
0.229352
0.364945
0.364945
0.500538
0.500538
0.636131
0.636131
0.771724
0.771724
0.907318
0.907318
0.0431982
0.0431982
0.178791
0.178791
0.314385
0.314385
0.449978
0.449978
0.585571
0.585571
0.721164
0.721164
0.856758
0.856758
0.992351
0.992351
0.128231
0.128231
0.263824
0.263824
0.399418
0.399418
0.535011
0.535011
0.670604
0.670604
0.806197
0.806197
0.941791
0.941791
0.077671
0.077671
0.213264
0.213264
0.348857
0.348857
0.484451
0.484451
0.620044
0.620044
0.755637
0.755637
0.89123
0.89123
0.0271109
0.0271109
0.162704
0.162704
0.298297
0.298297
0.433891
0.433891
0.569484
0.569484
0.705077
0.705077
0.84067
0.84067
0.976263
0.976263
0.112144
0.112144
0.247737
0.247737
0.38333
0.38333
0.518924
0.518924
0.654517
0.654517
0.79011
0.79011
0.925703
0.925703
0.0615837
0.0615837
0.197177
0.197177
0.33277
0.33277
0.468363
0.468363
0.603957
0.603957
0.73955
0.73955
0.875143
0.875143
0.0110235
0.0110235
0.146617
0.146617
0.28221
0.28221
0.417803
0.417803
0.553396
0.553396
0.68899
0.68899
0.824583
0.824583
0.960176
0.960176
0.0960566
0.0960566
0.23165
0.23165
0.367243
0.367243
0.502836
0.502836
0.638429
0.638429
0.774023
0.774023
0.909616
0.909616
0.0454964
0.0454964
0.18109
0.18109
0.316683
0.316683
0.452276
0.452276
0.587869
0.587869
0.723462
0.723462
0.859056
0.859056
0.994649
0.994649
0.130529
0.130529
0.266123
0.266123
0.401716
0.401716
0.537309
0.537309
0.672902
0.672902
0.808496
0.808496
0.944089
0.944089
0.0799692
0.0799692
0.215562
0.215562
0.351156
0.351156
0.486749
0.486749
0.693586
0.693586
0.829179
0.829179
0.964772
0.964772
0.100653
0.100653
0.236246
0.236246
0.371839
0.371839
0.507433
0.507433
0.643026
0.643026
0.778619
0.778619
0.914212
0.914212
0.0500928
0.0500928
0.185686
0.185686
0.321279
0.321279
0.456872
0.456872
0.592466
0.592466
0.728059
0.728059
0.863652
0.863652
0.999245
0.999245
0.135126
0.135126
0.270719
0.270719
0.406312
0.406312
0.541905
0.541905
0.677499
0.677499
0.813092
0.813092
0.948685
0.948685
0.0845656
0.0845656
0.220159
0.220159
0.355752
0.355752
0.491345
0.491345
0.626938
0.626938
0.762532
0.762532
0.898125
0.898125
0.0170611
0.0170611
0.152654
0.152654
0.288248
0.288248
0.423841
0.423841
0.559434
0.559434
0.695027
0.695027
0.83062
0.83062
0.966214
0.966214
0.102094
0.102094
0.237687
0.237687
0.373281
0.373281
0.508874
0.508874
0.644467
0.644467
0.78006
0.78006
0.915654
0.915654
0.051534
0.051534
0.187127
0.187127
0.32272
0.32272
0.458314
0.458314
0.593907
0.593907
0.7295
0.7295
0.865093
0.865093
0.000973809
0.000973809
0.136567
0.136567
0.27216
0.27216
0.407753
0.407753
0.543347
0.543347
0.67894
0.67894
0.814533
0.814533
0.950126
0.950126
0.0860069
0.0860069
0.2216
0.2216
0.357193
0.357193
0.492786
0.492786
0.62838
0.62838
0.763973
0.763973
0.899566
0.899566
0.0354467
0.0354467
0.17104
0.17104
0.306633
0.306633
0.442226
0.442226
0.57782
0.57782
0.713413
0.713413
0.849006
0.849006
0.984599
0.984599
0.12048
0.12048
0.256073
0.256073
0.391666
0.391666
0.527259
0.527259
0.662853
0.662853
0.798446
0.798446
0.934039
0.934039
0.0699195
0.0699195
0.205513
0.205513
0.341106
0.341106
0.476699
0.476699
0.612292
0.612292
0.747886
0.747886
0.883479
0.883479
0.0193593
0.0193593
0.154953
0.154953
0.290546
0.290546
0.426139
0.426139
0.561732
0.561732
0.697325
0.697325
0.832919
0.832919
0.968512
0.968512
0.104392
0.104392
0.239986
0.239986
0.375579
0.375579
0.511172
0.511172
0.646765
0.646765
0.782358
0.782358
0.917952
0.917952
0.0538322
0.0538322
0.189425
0.189425
0.325019
0.325019
0.460612
0.460612
0.596205
0.596205
0.731798
0.731798
0.867392
0.867392
0.003272
0.003272
0.138865
0.138865
0.274458
0.274458
0.410052
0.410052
0.545645
0.545645
0.681238
0.681238
0.816831
0.816831
0.952425
0.952425
0.088305
0.088305
0.223898
0.223898
0.359491
0.359491
0.495085
0.495085
0.630678
0.630678
0.766271
0.766271
0.901864
0.901864
0.0377449
0.0377449
0.173338
0.173338
0.308931
0.308931
0.444525
0.444525
0.580118
0.580118
0.715711
0.715711
0.851304
0.851304
0.986897
0.986897
0.122778
0.122778
0.258371
0.258371
0.393964
0.393964
0.529558
0.529558
0.665151
0.665151
0.800744
0.800744
0.936337
0.936337
0.0722177
0.0722177
0.207811
0.207811
0.343404
0.343404
0.478997
0.478997
0.614591
0.614591
0.750184
0.750184
0.885777
0.885777
0.0216575
0.0216575
0.157251
0.157251
0.292844
0.292844
0.428437
0.428437
0.56403
0.56403
0.699624
0.699624
0.835217
0.835217
0.97081
0.97081
0.106691
0.106691
0.242284
0.242284
0.377877
0.377877
0.51347
0.51347
0.649063
0.649063
0.784657
0.784657
0.92025
0.92025
0.0561304
0.0561304
0.191724
0.191724
0.327317
0.327317
0.46291
0.46291
0.598503
0.598503
0.734097
0.734097
0.86969
0.86969
0.00557019
0.00557019
0.141163
0.141163
0.276757
0.276757
0.41235
0.41235
0.547943
0.547943
0.683536
0.683536
0.819129
0.819129
0.954723
0.954723
0.0906032
0.0906032
0.226196
0.226196
0.36179
0.36179
0.497383
0.497383
0.632976
0.632976
0.768569
0.768569
0.904163
0.904163
0.040043
0.040043
0.175636
0.175636
0.311229
0.311229
0.446823
0.446823
0.582416
0.582416
0.718009
0.718009
0.853602
0.853602
0.989196
0.989196
0.125076
0.125076
0.260669
0.260669
0.396263
0.396263
0.531856
0.531856
0.667449
0.667449
0.803042
0.803042
0.938635
0.938635
0.0745159
0.0745159
0.210109
0.210109
0.345702
0.345702
0.481296
0.481296
0.616889
0.616889
0.752482
0.752482
0.888075
0.888075
0.0239557
0.0239557
0.159549
0.159549
0.295142
0.295142
0.430735
0.430735
0.566329
0.566329
0.701922
0.701922
0.837515
0.837515
0.973108
0.973108
0.108989
0.108989
0.244582
0.244582
0.380175
0.380175
0.515768
0.515768
0.651362
0.651362
0.786955
0.786955
0.922548
0.922548
0.0584286
0.0584286
0.194022
0.194022
0.329615
0.329615
0.465208
0.465208
0.600801
0.600801
0.736395
0.736395
0.871988
0.871988
0.0791123
0.0791123
0.214705
0.214705
0.350299
0.350299
0.485892
0.485892
0.621485
0.621485
0.757078
0.757078
0.892672
0.892672
0.0285521
0.0285521
0.164145
0.164145
0.299739
0.299739
0.435332
0.435332
0.570925
0.570925
0.706518
0.706518
0.842111
0.842111
0.977705
0.977705
0.113585
0.113585
0.249178
0.249178
0.384772
0.384772
0.520365
0.520365
0.655958
0.655958
0.791551
0.791551
0.927144
0.927144
0.0630249
0.0630249
0.198618
0.198618
0.334211
0.334211
0.469805
0.469805
0.605398
0.605398
0.740991
0.740991
0.876584
0.876584
0.0124648
0.0124648
0.148058
0.148058
0.283651
0.283651
0.419244
0.419244
0.554838
0.554838
0.690431
0.690431
0.826024
0.826024
0.961617
0.961617
0.0974978
0.0974978
0.233091
0.233091
0.368684
0.368684
0.504277
0.504277
0.639871
0.639871
0.775464
0.775464
0.911057
0.911057
0.0469376
0.0469376
0.182531
0.182531
0.318124
0.318124
0.453717
0.453717
0.58931
0.58931
0.724904
0.724904
0.860497
0.860497
0.99609
0.99609
0.131971
0.131971
0.267564
0.267564
0.403157
0.403157
0.53875
0.53875
0.674344
0.674344
0.809937
0.809937
0.94553
0.94553
0.0814105
0.0814105
0.217004
0.217004
0.352597
0.352597
0.48819
0.48819
0.623783
0.623783
0.759377
0.759377
0.89497
0.89497
0.0308503
0.0308503
0.166443
0.166443
0.302037
0.302037
0.43763
0.43763
0.573223
0.573223
0.708816
0.708816
0.84441
0.84441
0.980003
0.980003
0.115883
0.115883
0.251477
0.251477
0.38707
0.38707
0.522663
0.522663
0.658256
0.658256
0.793849
0.793849
0.929443
0.929443
0.0653231
0.06532398
0.199198
0.350141
0.350141
0.501085
0.501085
0.652028
0.652028
0.802972
0.802972
0.953915
0.953915
0.105214
0.105214
0.256158
0.256158
0.407101
0.407101
0.558045
0.558045
0.708988
0.708988
0.859931
0.859931
0.0112307
0.0112307
0.162174
0.162174
0.313118
0.313118
0.464061
0.464061
0.615004
0.615004
0.765948
0.765948
0.916891
0.916891
0.0681905
0.0681905
0.219134
0.219134
0.370077
0.370077
0.521021
0.521021
0.671964
0.671964
0.822908
0.822908
0.973851
0.973851
0.12515
0.12515
0.276094
0.276094
0.427037
0.427037
0.577981
0.577981
0.728924
0.728924
0.879867
0.879867
0.0311667
0.0311667
0.18211
0.18211
0.333053
0.333053
0.483997
0.483997
0.63494
0.63494
0.785884
0.785884
0.936827
0.936827
0.0881264
0.0881264
0.23907
0.23907
0.390013
0.390013
0.540957
0.540957
0.6919
0.6919
0.842843
0.842843
0.993787
0.993787
0.145086
0.145086
0.29603
0.29603
0.446973
0.446973
0.597916
0.597916
0.74886
0.74886
0.899803
0.899803
0.0511026
0.0511026
0.202046
0.202046
0.352989
0.352989
0.503933
0.503933
0.654876
0.654876
0.80582
0.80582
0.956763
0.956763
0.108062
0.108062
0.259006
0.259006
0.409949
0.409949
0.560893
0.560893
0.711836
0.711836
0.862779
0.862779
0.0140787
0.0140787
0.165022
0.165022
0.315966
0.315966
0.466909
0.466909
0.617852
0.617852
0.768796
0.768796
0.919739
0.919739
0.0710385
0.0710385
0.221982
0.221982
0.372925
0.372925
0.523869
0.523869
0.674812
0.674812
0.825756
0.825756
0.976699
0.976699
0.127998
0.127998
0.278942
0.278942
0.429885
0.429885
0.580828
0.580828
0.731772
0.731772
0.882715
0.882715
0.0340147
0.0340147
0.184958
0.184958
0.335901
0.335901
0.486845
0.486845
0.637788
0.637788
0.788732
0.788732
0.939675
0.939675
0.0909744
0.0909744
0.241918
0.241918
0.392861
0.392861
0.543805
0.543805
0.694748
0.694748
0.845691
0.845691
0.996635
0.996635
0.147934
0.147934
0.298878
0.298878
0.449821
0.449821
0.600764
0.600764
0.751708
0.751708
0.902651
0.902651
0.0539506
0.0539506
0.204894
0.204894
0.355837
0.355837
0.506781
0.506781
0.657724
0.657724
0.808668
0.808668
0.959611
0.959611
0.11091
0.11091
0.261854
0.261854
0.412797
0.412797
0.563741
0.563741
0.714684
0.714684
0.865627
0.865627
0.0169267
0.0169267
0.16787
0.16787
0.318814
0.318814
0.469757
0.469757
0.6207
0.6207
0.771644
0.771644
0.922587
0.922587
0.0738865
0.0738865
0.22483
0.22483
0.375773
0.375773
0.526717
0.526717
0.67766
0.67766
0.828604
0.828604
0.979547
0.979547
0.130846
0.130846
0.28179
0.28179
0.432733
0.432733
0.583677
0.583677
0.73462
0.73462
0.885563
0.885563
0.0368626
0.0368626
0.187806
0.187806
0.338749
0.338749
0.489693
0.489693
0.640636
0.640636
0.79158
0.79158
0.942523
0.942523
0.0938224
0.0938224
0.244766
0.244766
0.395709
0.395709
0.546653
0.546653
0.697596
0.697596
0.848539
0.848539
0.419568
0.419568
0.570511
0.570511
0.721455
0.721455
0.872398
0.872398
0.0236974
0.0236974
0.174641
0.174641
0.325584
0.325584
0.476528
0.476528
0.627471
0.627471
0.778414
0.778414
0.929358
0.929358
0.0806572
0.0806572
0.231601
0.231601
0.382544
0.382544
0.533487
0.533487
0.684431
0.684431
0.835374
0.835374
0.986318
0.986318
0.137617
0.137617
0.28856
0.28856
0.439504
0.439504
0.590447
0.590447
0.741391
0.741391
0.892334
0.892334
0.0436333
0.0436333
0.194577
0.194577
0.34552
0.34552
0.496464
0.496464
0.647407
0.647407
0.79835
0.79835
0.949294
0.949294
0.100593
0.100593
0.251537
0.251537
0.40248
0.40248
0.553423
0.553423
0.704367
0.704367
0.85531
0.85531
0.00660948
0.00660948
0.157553
0.157553
0.308496
0.308496
0.45944
0.45944
0.610383
0.610383
0.761326
0.761326
0.91227
0.91227
0.0635693
0.0635693
0.214513
0.214513
0.365456
0.365456
0.5164
0.5164
0.667343
0.667343
0.818286
0.818286
0.96923
0.96923
0.120529
0.120529
0.271472
0.271472
0.422416
0.422416
0.573359
0.573359
0.724303
0.724303
0.875246
0.875246
0.0265454
0.0265454
0.177489
0.177489
0.328432
0.328432
0.479376
0.479376
0.630319
0.630319
0.781262
0.781262
0.932206
0.932206
0.0835052
0.0835052
0.234449
0.234449
0.385392
0.385392
0.536335
0.536335
0.687279
0.687279
0.838222
0.838222
0.989166
0.989166
0.140465
0.140465
0.291408
0.291408
0.442352
0.442352
0.593295
0.593295
0.744239
0.744239
0.895182
0.895182
0.0464813
0.0464813
0.197425
0.197425
0.348368
0.348368
0.499312
0.499312
0.650255
0.650255
0.801198
0.801198
0.952142
0.952142
0.103441
0.103441
0.254385
0.254385
0.405328
0.405328
0.556271
0.556271
0.707215
0.707215
0.858158
0.858158
0.00945747
0.00945747
0.160401
0.160401
0.311344
0.311344
0.462288
0.462288
0.613231
0.613231
0.764174
0.764174
0.915118
0.915118
0.0664172
0.0664172
0.217361
0.217361
0.368304
0.368304
0.519247
0.519247
0.670191
0.670191
0.821134
0.821134
0.972078
0.972078
0.123377
0.123377
0.27432
0.27432
0.425264
0.425264
0.576207
0.576207
0.727151
0.727151
0.878094
0.878094
0.0293934
0.0293934
0.180337
0.180337
0.33128
0.33128
0.482224
0.482224
0.633167
0.633167
0.78411
0.78411
0.935054
0.935054
0.0863532
0.0863532
0.237297
0.237297
0.38824
0.38824
0.539183
0.539183
0.690127
0.690127
0.84107
0.84107
0.992014
0.992014
0.143313
0.143313
0.294256
0.294256
0.4452
0.4452
0.596143
0.596143
0.747087
0.747087
0.89803
0.89803
0.0493293
0.0493293
0.200273
0.200273
0.351216
0.351216
0.50216
0.50216
0.653103
0.653103
0.804046
0.804046
0.95499
0.95499
0.106289
0.106289
0.257232
0.257232
0.408176
0.408176
0.559119
0.559119
0.710063
0.710063
0.861006
0.861006
0.0123055
0.0123055
0.163249
0.163249
0.314192
0.314192
0.465136
0.465136
0.616079
0.616079
0.767022
0.767022
0.917966
0.917966
0.0692652
0.0692652
0.220209
0.220209
0.371152
0.371152
0.522095
0.522095
0.673039
0.673039
0.823982
0.823982
0.974926
0.974926
0.126225
0.126225
0.277168
0.277168
0.428112
0.428112
0.579055
0.579055
0.729999
0.729999
0.880942
0.880942
0.0322414
0.0322414
0.183185
0.183185
0.334128
0.334128
0.485072
0.485072
0.636015
0.636015
0.786958
0.786958
0.937902
0.937902
0.0892012
0.0892012
0.240145
0.240145
0.391088
0.391088
0.542031
0.542031
0.692975
0.692975
0.843918
0.843918
0.994862
0.994862
0.146161
0.146161
0.297104
0.297104
0.448048
0.448048
0.598991
0.598991
0.749935
0.749935
0.900878
0.900878
0.0521773
0.0521773
0.203121
0.203121
0.354064
0.354064
0.505008
0.505008
0.655951
0.655951
0.806894
0.806894
0.957838
0.957838
0.109137
0.109137
0.26008
0.26008
0.411024
0.411024
0.561967
0.561967
0.712911
0.712911
0.863854
0.863854
0.0151534
0.0151534
0.166097
0.166097
0.31704
0.31704
0.467984
0.467984
0.618927
0.618927
0.76987
0.76987
0.920814
0.920814
0.0721132
0.0721132
0.223057
0.223057
0.374
0.374
0.524943
0.524943
0.675887
0.675887
0.82683
0.82683
0.977774
0.977774
0.129073
0.129073
0.280016
0.280016
0.43096
0.43096
0.581903
0.581903
0.732847
0.732847
0.88379
0.88379
0.0350894
0.0350894
0.186033
0.186033
0.336976
0.336976
0.48792
0.48792
0.638863
0.638863
0.789806
0.789806
0.94075
0.94075
0.0920491
0.0920491
0.242993
0.242993
0.393936
0.393936
0.544879
0.544879
0.695823
0.695823
0.846766
0.846766
0.99771
0.99771
0.149009
0.149009
0.719681
0.719681
0.870625
0.870625
0.0219241
0.0219241
0.172868
0.172868
0.323811
0.323811
0.474754
0.474754
0.625698
0.625698
0.776641
0.776641
0.927584
0.927584
0.0788839
0.0788839
0.229827
0.229827
0.380771
0.380771
0.531714
0.531714
0.682657
0.682657
0.833601
0.833601
0.984544
0.984544
0.135844
0.135844
0.286787
0.286787
0.43773
0.43773
0.588674
0.588674
0.739617
0.739617
0.890561
0.890561
0.0418601
0.0418601
0.192803
0.192803
0.343747
0.343747
0.49469
0.49469
0.645634
0.645634
0.796577
0.796577
0.94752
0.94752
0.0988198
0.0988198
0.249763
0.249763
0.400707
0.400707
0.55165
0.55165
0.702593
0.702593
0.853537
0.853537
0.00483621
0.00483621
0.15578
0.15578
0.306723
0.306723
0.457666
0.457666
0.60861
0.60861
0.759553
0.759553
0.910497
0.910497
0.061796
0.061796
0.212739
0.212739
0.363683
0.363683
0.514626
0.514626
0.66557
0.66557
0.816513
0.816513
0.967456
0.967456
0.118756
0.118756
0.269699
0.269699
0.420643
0.420643
0.571586
0.571586
0.722529
0.722529
0.873473
0.873473
0.0247721
0.0247721
0.175716
0.175716
0.326659
0.326659
0.477602
0.477602
0.628546
0.628546
0.779489
0.779489
0.930432
0.930432
0.0817319
0.0817319
0.232675
0.232675
0.383619
0.383619
0.534562
0.534562
0.685505
0.685505
0.836449
0.836449
0.987392
0.987392
0.138692
0.138692
0.289635
0.289635
0.440578
0.440578
0.591522
0.591522
0.742465
0.742465
0.893409
0.893409
0.044708
0.044708
0.195651
0.195651
0.346595
0.346595
0.497538
0.497538
0.648482
0.648482
0.799425
0.799425
0.950368
0.950368
0.101668
0.101668
0.252611
0.252611
0.403555
0.403555
0.554498
0.554498
0.705441
0.705441
0.856385
0.856385
0.0076842
0.0076842
0.158628
0.158628
0.309571
0.309571
0.460514
0.460514
0.611458
0.611458
0.762401
0.762401
0.913345
0.913345
0.064644
0.064644
0.215587
0.215587
0.366531
0.366531
0.517474
0.517474
0.668418
0.668418
0.819361
0.819361
0.970304
0.970304
0.121604
0.121604
0.272547
0.272547
0.423491
0.423491
0.574434
0.574434
0.725377
0.725377
0.876321
0.876321
0.0276201
0.0276201
0.178564
0.178564
0.329507
0.329507
0.48045
0.48045
0.631394
0.631394
0.782337
0.782337
0.93328
0.93328
0.0845799
0.0845799
0.235523
0.235523
0.386467
0.386467
0.53741
0.53741
0.688353
0.688353
0.839297
0.839297
0.99024
0.99024
0.14154
0.14154
0.292483
0.292483
0.443426
0.443426
0.59437
0.59437
0.745313
0.745313
0.896257
0.896257
0.047556
0.047556
0.198499
0.198499
0.349443
0.349443
0.500386
0.500386
0.65133
0.65133
0.802273
0.802273
0.953216
0.953216
0.104516
0.104516
0.255459
0.255459
0.406403
0.406403
0.557346
0.557346
0.708289
0.708289
0.859233
0.859233
0.0105322
0.0105322
0.161476
0.161476
0.312419
0.312419
0.463362
0.463362
0.614306
0.614306
0.765249
0.765249
0.916193
0.916193
0.067492
0.067492
0.218435
0.218435
0.369379
0.369379
0.520322
0.520322
0.671266
0.671266
0.822209
0.822209
0.973152
0.973152
0.124452
0.124452
0.275395
0.275395
0.426339
0.426339
0.577282
0.577282
0.728225
0.728225
0.879169
0.879169
0.0304681
0.0304681
0.181412
0.181412
0.332355
0.332355
0.483298
0.483298
0.634242
0.634242
0.785185
0.785185
0.936128
0.936128
0.0874279
0.0874279
0.238371
0.238371
0.389315
0.389315
0.540258
0.540258
0.691201
0.691201
0.842145
0.842145
0.993088
0.993088
0.144388
0.144388
0.295331
0.295331
0.446274
0.446274
0.597218
0.597218
0.748161
0.748161
0.899105
0.899105
0.050404
0.050404
0.201347
0.201347
0.352291
0.352291
0.503234
0.503234
0.654178
0.654178
0.805121
0.805121
0.956064
0.956064
0.107364
0.107364
0.258307
0.258307
0.409251
0.409251
0.560194
0.560194
0.711137
0.711137
0.862081
0.862081
0.0133802
0.0133802
0.164324
0.164324
0.315267
0.315267
0.46621
0.46621
0.617154
0.617154
0.768097
0.768097
0.919041
0.919041
0.0703399
0.0703399
0.221283
0.221283
0.372227
0.372227
0.52317
0.52317
0.674114
0.674114
0.825057
0.825057
0.976
0.976
0.1273
0.1273
0.278243
0.278243
0.429187
0.429187
0.58013
0.58013
0.731073
0.731073
0.882017
0.882017
0.0333161
0.0333161
0.184259
0.184259
0.335203
0.335203
0.486146
0.486146
0.63709
0.63709
0.788033
0.788033
0.938976
0.938976
0.0902759
0.0902759
0.241219
0.241219
0.392163
0.392163
0.543106
0.543106
0.694049
0.694049
0.844993
0.844993
0.995936
0.995936
0.147236
0.147236
0.298179
0.298179
0.449122
0.449122
0.0201509
0.0201509
0.171094
0.171094
0.322038
0.322038
0.472981
0.472981
0.623924
0.623924
0.774868
0.774868
0.925811
0.925811
0.0771106
0.0771106
0.228054
0.228054
0.378997
0.378997
0.529941
0.529941
0.680884
0.680884
0.831828
0.831828
0.982771
0.982771
0.13407
0.13407
0.285014
0.285014
0.435957
0.435957
0.586901
0.586901
0.737844
0.737844
0.888787
0.888787
0.0400868
0.0400868
0.19103
0.19103
0.341974
0.341974
0.492917
0.492917
0.64386
0.64386
0.794804
0.794804
0.945747
0.945747
0.0970466
0.0970466
0.24799
0.24799
0.398933
0.398933
0.549877
0.549877
0.70082
0.70082
0.851764
0.851764
0.00306293
0.00306293
0.154006
0.154006
0.30495
0.30495
0.455893
0.455893
0.606836
0.606836
0.75778
0.75778
0.908723
0.908723
0.0600227
0.0600227
0.210966
0.210966
0.36191
0.36191
0.512853
0.512853
0.663796
0.663796
0.81474
0.81474
0.965683
0.965683
0.116982
0.116982
0.267926
0.267926
0.418869
0.418869
0.569813
0.569813
0.720756
0.720756
0.8717
0.8717
0.0229989
0.0229989
0.173942
0.173942
0.324886
0.324886
0.475829
0.475829
0.626772
0.626772
0.777716
0.777716
0.928659
0.928659
0.0799586
0.0799586
0.230902
0.230902
0.381845
0.381845
0.532789
0.532789
0.683732
0.683732
0.834676
0.834676
0.985619
0.985619
0.136918
0.136918
0.287862
0.287862
0.438805
0.438805
0.589749
0.589749
0.740692
0.740692
0.891635
0.891635
0.0429348
0.0429348
0.193878
0.193878
0.344822
0.344822
0.495765
0.495765
0.646708
0.646708
0.797652
0.797652
0.948595
0.948595
0.0998945
0.0998945
0.250838
0.250838
0.401781
0.401781
0.552725
0.552725
0.703668
0.703668
0.854612
0.854612
0.00591092
0.00591092
0.156854
0.156854
0.307798
0.307798
0.458741
0.458741
0.609685
0.609685
0.760628
0.760628
0.911571
0.911571
0.0628707
0.0628707
0.213814
0.213814
0.364758
0.364758
0.515701
0.515701
0.666644
0.666644
0.817588
0.817588
0.968531
0.968531
0.11983
0.11983
0.270774
0.270774
0.421717
0.421717
0.572661
0.572661
0.723604
0.723604
0.874547
0.874547
0.0258468
0.0258468
0.17679
0.17679
0.327734
0.327734
0.478677
0.478677
0.62962
0.62962
0.780564
0.780564
0.931507
0.931507
0.0828066
0.0828066
0.23375
0.23375
0.384693
0.384693
0.535637
0.535637
0.68658
0.68658
0.837524
0.837524
0.988467
0.988467
0.139766
0.139766
0.29071
0.29071
0.441653
0.441653
0.592597
0.592597
0.74354
0.74354
0.894483
0.894483
0.0457828
0.0457828
0.196726
0.196726
0.34767
0.34767
0.498613
0.498613
0.649556
0.649556
0.8005
0.8005
0.951443
0.951443
0.102743
0.102743
0.253686
0.253686
0.404629
0.404629
0.555573
0.555573
0.706516
0.706516
0.857459
0.857459
0.00875891
0.00875891
0.159702
0.159702
0.310646
0.310646
0.461589
0.461589
0.612532
0.612532
0.763476
0.763476
0.914419
0.914419
0.0657187
0.0657187
0.216662
0.216662
0.367605
0.367605
0.518549
0.518549
0.669492
0.669492
0.820436
0.820436
0.971379
0.971379
0.122678
0.122678
0.273622
0.273622
0.424565
0.424565
0.575509
0.575509
0.726452
0.726452
0.877395
0.877395
0.0286948
0.0286948
0.179638
0.179638
0.330582
0.330582
0.481525
0.481525
0.632468
0.632468
0.783412
0.783412
0.934355
0.934355
0.0856546
0.0856546
0.236598
0.236598
0.387541
0.387541
0.538485
0.538485
0.689428
0.689428
0.840372
0.840372
0.991315
0.991315
0.142614
0.142614
0.293558
0.293558
0.444501
0.444501
0.595445
0.595445
0.746388
0.746388
0.897331
0.897331
0.0486307
0.0486307
0.199574
0.199574
0.350518
0.350518
0.501461
0.501461
0.652404
0.652404
0.803348
0.803348
0.954291
0.954291
0.105591
0.105591
0.256534
0.256534
0.407477
0.407477
0.558421
0.558421
0.709364
0.709364
0.860308
0.860308
0.0116069
0.0116069
0.16255
0.16255
0.313494
0.313494
0.464437
0.464437
0.61538
0.61538
0.766324
0.766324
0.917267
0.917267
0.0685667
0.0685667
0.21951
0.21951
0.370453
0.370453
0.521397
0.521397
0.67234
0.67234
0.823284
0.823284
0.974227
0.974227
0.125526
0.125526
0.27647
0.27647
0.427413
0.427413
0.578357
0.578357
0.7293
0.7293
0.880243
0.880243
0.0315428
0.0315428
0.182486
0.182486
0.33343
0.33343
0.484373
0.484373
0.635316
0.635316
0.78626
0.78626
0.937203
0.937203
0.0885026
0.0885026
0.239446
0.239446
0.390389
0.390389
0.541333
0.541333
0.692276
0.692276
0.84322
0.84322
0.994163
0.994163
0.145462
0.145462
0.296406
0.296406
0.447349
0.447349
0.598293
0.598293
0.749236
0.749236
0.339126
0.339126
0.490069
0.490069
0.641012
0.641012
0.791956
0.791956
0.942899
0.942899
0.0941986
0.0941986
0.245142
0.245142
0.396085
0.396085
0.547029
0.547029
0.697972
0.697972
0.848916
0.848916
0.999859
0.999859
0.132297
0.132297
0.283241
0.283241
0.434184
0.434184
0.585127
0.585127
0.736071
0.736071
0.887014
0.887014
0.0383135
0.0383135
0.189257
0.189257
0.3402
0.3402
0.491144
0.491144
0.642087
0.642087
0.793031
0.793031
0.943974
0.943974
0.0952733
0.0952733
0.246217
0.246217
0.39716
0.39716
0.548103
0.548103
0.699047
0.699047
0.84999
0.84999
0.00128966
0.00128966
0.152233
0.152233
0.303176
0.303176
0.45412
0.45412
0.605063
0.605063
0.756007
0.756007
0.90695
0.90695
0.0582494
0.0582494
0.209193
0.209193
0.360136
0.360136
0.51108
0.51108
0.662023
0.662023
0.812966
0.812966
0.96391
0.96391
0.115209
0.115209
0.266153
0.266153
0.417096
0.417096
0.568039
0.568039
0.718983
0.718983
0.869926
0.869926
0.0212256
0.0212256
0.172169
0.172169
0.323112
0.323112
0.474056
0.474056
0.624999
0.624999
0.775943
0.775943
0.926886
0.926886
0.0781853
0.0781853
0.229129
0.229129
0.380072
0.380072
0.531016
0.531016
0.681959
0.681959
0.832902
0.832902
0.983846
0.983846
0.135145
0.135145
0.286089
0.286089
0.437032
0.437032
0.587975
0.587975
0.738919
0.738919
0.889862
0.889862
0.0411615
0.0411615
0.192105
0.192105
0.343048
0.343048
0.493992
0.493992
0.644935
0.644935
0.795878
0.795878
0.946822
0.946822
0.0981213
0.0981213
0.249065
0.249065
0.400008
0.400008
0.550951
0.550951
0.701895
0.701895
0.852838
0.852838
0.00413764
0.00413764
0.155081
0.155081
0.306024
0.306024
0.456968
0.456968
0.607911
0.607911
0.758855
0.758855
0.909798
0.909798
0.0610974
0.0610974
0.212041
0.212041
0.362984
0.362984
0.513928
0.513928
0.664871
0.664871
0.815814
0.815814
0.966758
0.966758
0.118057
0.118057
0.269001
0.269001
0.419944
0.419944
0.570887
0.570887
0.721831
0.721831
0.872774
0.872774
0.0240736
0.0240736
0.175017
0.175017
0.32596
0.32596
0.476904
0.476904
0.627847
0.627847
0.778791
0.778791
0.929734
0.929734
0.0810333
0.0810333
0.231977
0.231977
0.38292
0.38292
0.533864
0.533864
0.684807
0.684807
0.83575
0.83575
0.986694
0.986694
0.137993
0.137993
0.288937
0.288937
0.43988
0.43988
0.590823
0.590823
0.741767
0.741767
0.89271
0.89271
0.0440095
0.0440095
0.194953
0.194953
0.345896
0.345896
0.49684
0.49684
0.647783
0.647783
0.798726
0.798726
0.94967
0.94967
0.100969
0.100969
0.251913
0.251913
0.402856
0.402856
0.553799
0.553799
0.704743
0.704743
0.855686
0.855686
0.00698563
0.00698563
0.157929
0.157929
0.308872
0.308872
0.459816
0.459816
0.610759
0.610759
0.761703
0.761703
0.912646
0.912646
0.0639454
0.0639454
0.214889
0.214889
0.365832
0.365832
0.516776
0.516776
0.667719
0.667719
0.818662
0.818662
0.969606
0.969606
0.120905
0.120905
0.271849
0.271849
0.422792
0.422792
0.573735
0.573735
0.724679
0.724679
0.875622
0.875622
0.0269216
0.0269216
0.177865
0.177865
0.328808
0.328808
0.479752
0.479752
0.630695
0.630695
0.781639
0.781639
0.932582
0.932582
0.0838813
0.0838813
0.234825
0.234825
0.385768
0.385768
0.536712
0.536712
0.687655
0.687655
0.838598
0.838598
0.989542
0.989542
0.140841
0.140841
0.291785
0.291785
0.442728
0.442728
0.593671
0.593671
0.744615
0.744615
0.895558
0.895558
0.0468575
0.0468575
0.197801
0.197801
0.348744
0.348744
0.499688
0.499688
0.650631
0.650631
0.801574
0.801574
0.952518
0.952518
0.103817
0.103817
0.254761
0.254761
0.405704
0.405704
0.556647
0.556647
0.707591
0.707591
0.858534
0.858534
0.00983362
0.00983362
0.160777
0.160777
0.31172
0.31172
0.462664
0.462664
0.613607
0.613607
0.764551
0.764551
0.915494
0.915494
0.0667934
0.0667934
0.217737
0.217737
0.36868
0.36868
0.519624
0.519624
0.670567
0.670567
0.82151
0.82151
0.972454
0.972454
0.123753
0.123753
0.274697
0.274697
0.42564
0.42564
0.576583
0.576583
0.727527
0.727527
0.87847
0.87847
0.0297695
0.0297695
0.180713
0.180713
0.331656
0.331656
0.4826
0.4826
0.633543
0.633543
0.784487
0.784487
0.93543
0.93543
0.0867293
0.0867293
0.237673
0.237673
0.388616
0.388616
0.53956
0.53956
0.690503
0.690503
0.841446
0.841446
0.99239
0.99239
0.143689
0.143689
0.294633
0.294633
0.445576
0.445576
0.596519
0.596519
0.747463
0.747463
0.898406
0.898406
0.0497055
0.0497055
0.639239
0.639239
0.790183
0.790183
0.941126
0.941126
0.0924253
0.0924253
0.243369
0.243369
0.394312
0.394312
0.545255
0.545255
0.696199
0.696199
0.847142
0.847142
0.998086
0.998086
0.149385
0.149385
0.300328
0.300328
0.451272
0.451272
0.602215
0.602215
0.753159
0.753159
0.904102
0.904102
0.0554014
0.0554014
0.206345
0.206345
0.357288
0.357288
0.508232
0.508232
0.659175
0.659175
0.810118
0.810118
0.961062
0.961062
0.112361
0.112361
0.263305
0.263305
0.414248
0.414248
0.565191
0.565191
0.716135
0.716135
0.867078
0.867078
0.0183776
0.0183776
0.169321
0.169321
0.320264
0.320264
0.471208
0.471208
0.622151
0.622151
0.773095
0.773095
0.924038
0.924038
0.0753374
0.0753374
0.226281
0.226281
0.377224
0.377224
0.528168
0.528168
0.679111
0.679111
0.830054
0.830054
0.980998
0.980998
0.113436
0.113436
0.264379
0.264379
0.415323
0.415323
0.566266
0.566266
0.71721
0.71721
0.868153
0.868153
0.0194523
0.0194523
0.170396
0.170396
0.321339
0.321339
0.472282
0.472282
0.623226
0.623226
0.774169
0.774169
0.925113
0.925113
0.0764121
0.0764121
0.227355
0.227355
0.378299
0.378299
0.529242
0.529242
0.680186
0.680186
0.831129
0.831129
0.982072
0.982072
0.133372
0.133372
0.284315
00.70309
0.70309
0.838684
0.838684
0.974277
0.974277
0.110157
0.110157
0.245751
0.245751
0.381344
0.381344
0.516937
0.516937
0.65253
0.65253
0.788123
0.788123
0.923717
0.923717
0.0595971
0.0595971
0.19519
0.19519
0.330784
0.330784
0.466377
0.466377
0.60197
0.60197
0.737563
0.737563
0.873156
0.873156
0.00903695
0.00903695
0.14463
0.14463
0.280223
0.280223
0.415817
0.415817
0.55141
0.55141
0.687003
0.687003
0.822596
0.822596
0.958189
0.958189
0.09407
0.09407
0.229663
0.229663
0.365256
0.365256
0.50085
0.50085
0.636443
0.636443
0.772036
0.772036
0.907629
0.907629
0.0435098
0.0435098
0.179103
0.179103
0.314696
0.314696
0.450289
0.450289
0.585883
0.585883
0.721476
0.721476
0.857069
0.857069
0.992662
0.992662
0.128543
0.128543
0.264136
0.264136
0.399729
0.399729
0.535322
0.535322
0.670916
0.670916
0.806509
0.806509
0.942102
0.942102
0.0779827
0.0779827
0.213576
0.213576
0.349169
0.349169
0.484762
0.484762
0.620356
0.620356
0.755949
0.755949
0.891542
0.891542
0.0274225
0.0274225
0.163016
0.163016
0.298609
0.298609
0.434202
0.434202
0.569795
0.569795
0.705389
0.705389
0.840982
0.840982
0.976575
0.976575
0.112456
0.112456
0.248049
0.248049
0.383642
0.383642
0.519235
0.519235
0.654828
0.654828
0.790422
0.790422
0.926015
0.926015
0.0618953
0.0618953
0.197489
0.197489
0.333082
0.333082
0.468675
0.468675
0.604268
0.604268
0.739861
0.739861
0.875455
0.875455
0.0113351
0.0113351
0.146928
0.146928
0.282522
0.282522
0.418115
0.418115
0.553708
0.553708
0.689301
0.689301
0.824894
0.824894
0.960488
0.960488
0.0963682
0.0963682
0.231961
0.231961
0.367555
0.367555
0.503148
0.503148
0.638741
0.638741
0.774334
0.774334
0.909927
0.909927
0.045808
0.045808
0.181401
0.181401
0.316994
0.316994
0.452588
0.452588
0.588181
0.588181
0.723774
0.723774
0.859367
0.859367
0.994961
0.994961
0.130841
0.130841
0.266434
0.266434
0.402027
0.402027
0.537621
0.537621
0.673214
0.673214
0.808807
0.808807
0.9444
0.9444
0.0802808
0.0802808
0.215874
0.215874
0.351467
0.351467
0.48706
0.48706
0.622654
0.622654
0.758247
0.758247
0.89384
0.89384
0.0297207
0.0297207
0.165314
0.165314
0.300907
0.300907
0.4365
0.4365
0.572094
0.572094
0.707687
0.707687
0.84328
0.84328
0.978873
0.978873
0.114754
0.114754
0.250347
0.250347
0.38594
0.38594
0.521533
0.521533
0.657127
0.657127
0.79272
0.79272
0.928313
0.928313
0.0641935
0.0641935
0.199787
0.199787
0.33538
0.33538
0.470973
0.470973
0.606566
0.606566
0.74216
0.74216
0.877753
0.877753
0.0136333
0.0136333
0.149227
0.149227
0.28482
0.28482
0.420413
0.420413
0.556006
0.556006
0.691599
0.691599
0.827193
0.827193
0.962786
0.962786
0.0986664
0.0986664
0.23426
0.23426
0.369853
0.369853
0.505446
0.505446
0.641039
0.641039
0.776632
0.776632
0.912226
0.912226
0.0481062
0.0481062
0.183699
0.183699
0.319293
0.319293
0.454886
0.454886
0.590479
0.590479
0.726072
0.726072
0.861666
0.861666
0.997259
0.997259
0.133139
0.133139
0.268732
0.268732
0.404326
0.404326
0.539919
0.539919
0.675512
0.675512
0.811105
0.811105
0.946699
0.946699
0.082579
0.082579
0.408065
0.408065
0.543658
0.543658
0.679252
0.679252
0.814845
0.814845
0.950438
0.950438
0.0863185
0.0863185
0.221912
0.221912
0.357505
0.357505
0.493098
0.493098
0.628691
0.628691
0.764285
0.764285
0.899878
0.899878
0.0357583
0.0357583
0.171352
0.171352
0.306945
0.306945
0.442538
0.442538
0.578131
0.578131
0.713724
0.713724
0.849318
0.849318
0.984911
0.984911
0.120791
0.120791
0.256385
0.256385
0.391978
0.391978
0.527571
0.527571
0.663164
0.663164
0.798757
0.798757
0.934351
0.934351
0.0702311
0.0702311
0.205824
0.205824
0.341418
0.341418
0.477011
0.477011
0.612604
0.612604
0.748197
0.748197
0.88379
0.88379
0.0196709
0.0196709
0.155264
0.155264
0.290857
0.290857
0.426451
0.426451
0.562044
0.562044
0.697637
0.697637
0.83323
0.83323
0.968823
0.968823
0.104704
0.104704
0.240297
0.240297
0.37589
0.37589
0.511484
0.511484
0.647077
0.647077
0.78267
0.78267
0.918263
0.918263
0.0541438
0.0541438
0.189737
0.189737
0.32533
0.32533
0.460923
0.460923
0.596517
0.596517
0.73211
0.73211
0.867703
0.867703
0.00358362
0.00358362
0.139177
0.139177
0.27477
0.27477
0.410363
0.410363
0.545956
0.545956
0.68155
0.68155
0.817143
0.817143
0.952736
0.952736
0.0886167
0.0886167
0.22421
0.22421
0.359803
0.359803
0.495396
0.495396
0.63099
0.63099
0.766583
0.766583
0.902176
0.902176
0.0380565
0.0380565
0.17365
0.17365
0.309243
0.309243
0.444836
0.444836
0.580429
0.580429
0.716023
0.716023
0.851616
0.851616
0.987209
0.987209
0.12309
0.12309
0.258683
0.258683
0.394276
0.394276
0.529869
0.529869
0.665462
0.665462
0.801056
0.801056
0.936649
0.936649
0.0725293
0.0725293
0.208123
0.208123
0.343716
0.343716
0.479309
0.479309
0.614902
0.614902
0.750495
0.750495
0.886089
0.886089
0.0219691
0.0219691
0.157562
0.157562
0.293156
0.293156
0.428749
0.428749
0.564342
0.564342
0.699935
0.699935
0.835528
0.835528
0.971122
0.971122
0.107002
0.107002
0.242595
0.242595
0.378189
0.378189
0.513782
0.513782
0.649375
0.649375
0.784968
0.784968
0.920561
0.920561
0.056442
0.056442
0.192035
0.192035
0.327628
0.327628
0.463222
0.463222
0.598815
0.598815
0.734408
0.734408
0.870001
0.870001
0.00588181
0.00588181
0.141475
0.141475
0.277068
0.277068
0.412661
0.412661
0.548255
0.548255
0.683848
0.683848
0.819441
0.819441
0.955034
0.955034
0.0909148
0.0909148
0.226508
0.226508
0.362101
0.362101
0.497694
0.497694
0.633288
0.633288
0.768881
0.768881
0.904474
0.904474
0.0403547
0.0403547
0.175948
0.175948
0.311541
0.311541
0.447134
0.447134
0.582727
0.582727
0.718321
0.718321
0.853914
0.853914
0.989507
0.989507
0.125388
0.125388
0.260981
0.260981
0.396574
0.396574
0.532167
0.532167
0.667761
0.667761
0.803354
0.803354
0.938947
0.938947
0.0748275
0.0748275
0.210421
0.210421
0.346014
0.346014
0.481607
0.481607
0.6172
0.6172
0.752794
0.752794
0.888387
0.888387
0.0242673
0.0242673
0.159861
0.159861
0.295454
0.295454
0.431047
0.431047
0.56664
0.56664
0.702233
0.702233
0.837827
0.837827
0.97342
0.97342
0.1093
0.1093
0.244894
0.244894
0.380487
0.380487
0.51608
0.51608
0.651673
0.651673
0.787266
0.787266
0.92286
0.92286
0.0587402
0.0587402
0.194333
0.194333
0.329927
0.329927
0.46552
0.46552
0.601113
0.601113
0.736706
0.736706
0.872299
0.872299
0.00818
0.00818
0.143773
0.143773
0.279366
0.279366
0.41496
0.41496
0.550553
0.550553
0.686146
0.686146
0.821739
0.821739
0.957332
0.957332
0.093213
0.093213
0.228806
0.228806
0.364399
0.364399
0.499993
0.499993
0.635586
0.635586
0.771179
0.771179
0.906772
0.906772
0.0426529
0.0426529
0.178246
0.178246
0.313839
0.313839
0.449433
0.449433
0.585026
0.585026
0.720619
0.720619
0.856212
0.856212
0.991805
0.991805
0.127686
0.127686
0.263279
0.263279
0.398872
0.398872
0.534465
0.534465
0.670059
0.670059
0.805652
0.805652
0.941245
0.941245
0.0771257
0.0771257
0.212719
0.212719
0.348312
0.348312
0.483905
0.483905
0.619499
0.619499
0.755092
0.755092
0.890685
0.890685
0.0265655
0.0265655
0.162159
0.162159
0.297752
0.297752
0.433345
0.433345
0.568938
0.568938
0.704532
0.704532
0.840125
0.840125
0.975718
0.975718
0.111599
0.111599
0.247192
0.247192
0.382785
0.382785
0.518378
0.518378
0.653971
0.653971
0.789565
0.789565
0.925158
0.925158
0.0610384
0.0610384
0.196632
0.196632
0.332225
0.332225
0.467818
0.467818
0.810248
0.810248
0.945842
0.945842
0.0817221
0.0817221
0.217315
0.217315
0.352909
0.352909
0.488502
0.488502
0.624095
0.624095
0.759688
0.759688
0.895281
0.895281
0.0311619
0.0311619
0.166755
0.166755
0.302348
0.302348
0.437942
0.437942
0.573535
0.573535
0.709128
0.709128
0.844721
0.844721
0.980314
0.980314
0.116195
0.116195
0.251788
0.251788
0.387381
0.387381
0.522975
0.522975
0.658568
0.658568
0.794161
0.794161
0.929754
0.929754
0.0656347
0.0656347
0.201228
0.201228
0.336821
0.336821
0.472414
0.472414
0.608008
0.608008
0.743601
0.743601
0.879194
0.879194
0.0150746
0.0150746
0.150668
0.150668
0.286261
0.286261
0.421854
0.421854
0.557447
0.557447
0.693041
0.693041
0.828634
0.828634
0.964227
0.964227
0.100108
0.100108
0.235701
0.235701
0.371294
0.371294
0.506887
0.506887
0.64248
0.64248
0.778074
0.778074
0.913667
0.913667
0.0495474
0.0495474
0.185141
0.185141
0.320734
0.320734
0.456327
0.456327
0.59192
0.59192
0.727513
0.727513
0.863107
0.863107
0.9987
0.9987
0.13458
0.13458
0.270174
0.270174
0.405767
0.405767
0.54136
0.54136
0.676953
0.676953
0.812547
0.812547
0.94814
0.94814
0.0840203
0.0840203
0.219613
0.219613
0.355207
0.355207
0.4908
0.4908
0.626393
0.626393
0.761986
0.761986
0.89758
0.89758
0.0334601
0.0334601
0.169053
0.169053
0.304647
0.304647
0.44024
0.44024
0.575833
0.575833
0.711426
0.711426
0.847019
0.847019
0.982613
0.982613
0.118493
0.118493
0.254086
0.254086
0.38968
0.38968
0.525273
0.525273
0.660866
0.660866
0.796459
0.796459
0.932052
0.932052
0.0509887
0.0509887
0.186582
0.186582
0.322175
0.322175
0.457768
0.457768
0.593362
0.593362
0.728955
0.728955
0.864548
0.864548
0.000428476
0.000428476
0.136022
0.136022
0.271615
0.271615
0.407208
0.407208
0.542801
0.542801
0.678395
0.678395
0.813988
0.813988
0.949581
0.949581
0.0854615
0.0854615
0.221055
0.221055
0.356648
0.356648
0.492241
0.492241
0.627834
0.627834
0.763428
0.763428
0.899021
0.899021
0.0349013
0.0349013
0.170495
0.170495
0.306088
0.306088
0.441681
0.441681
0.577274
0.577274
0.712867
0.712867
0.848461
0.848461
0.984054
0.984054
0.119934
0.119934
0.255528
0.255528
0.391121
0.391121
0.526714
0.526714
0.662307
0.662307
0.7979
0.7979
0.933494
0.933494
0.0693742
0.0693742
0.204967
0.204967
0.340561
0.340561
0.476154
0.476154
0.611747
0.611747
0.74734
0.74734
0.882933
0.882933
0.018814
0.018814
0.154407
0.154407
0.29
0.29
0.425594
0.425594
0.561187
0.561187
0.69678
0.69678
0.832373
0.832373
0.967967
0.967967
0.103847
0.103847
0.23944
0.23944
0.375033
0.375033
0.510627
0.510627
0.64622
0.64622
0.781813
0.781813
0.917406
0.917406
0.0532869
0.0532869
0.18888
0.18888
0.324473
0.324473
0.460066
0.460066
0.59566
0.59566
0.731253
0.731253
0.866846
0.866846
0.00272667
0.00272667
0.13832
0.13832
0.273913
0.273913
0.409506
0.409506
0.5451
0.5451
0.680693
0.680693
0.816286
0.816286
0.951879
0.951879
0.0877597
0.0877597
0.223353
0.223353
0.358946
0.358946
0.494539
0.494539
0.630133
0.630133
0.765726
0.765726
0.901319
0.901319
0.0371995
0.0371995
0.172793
0.172793
0.308386
0.308386
0.443979
0.443979
0.579572
0.579572
0.715166
0.715166
0.850759
0.850759
0.986352
0.986352
0.122233
0.122233
0.257826
0.257826
0.393419
0.393419
0.529012
0.529012
0.664605
0.664605
0.800199
0.800199
0.935792
0.935792
0.0716724
0.0716724
0.207266
0.207266
0.342859
0.342859
0.478452
0.478452
0.614045
0.614045
0.749638
0.749638
0.885232
0.885232
0.0211122
0.0211122
0.156705
0.156705
0.292299
0.292299
0.427892
0.427892
0.563485
0.563485
0.699078
0.699078
0.834671
0.834671
0.970265
0.970265
0.106145
0.106145
0.241738
0.241738
0.377332
0.377332
0.512925
0.512925
0.648518
0.648518
0.784111
0.784111
0.919705
0.919705
0.055585
0.055585
0.191178
0.191178
0.326771
0.326771
0.462365
0.462365
0.597958
0.597958
0.733551
0.733551
0.869144
0.869144
0.00502486
0.00502486
0.140618
0.140618
0.276211
0.276211
0.411804
0.411804
0.547398
0.547398
0.682991
0.682991
0.818584
0.818584
0.954177
0.954177
0.0900579
0.0900579
0.225651
0.225651
0.361244
0.361244
0.496838
0.496838
0.632431
0.632431
0.768024
0.768024
0.903617
0.903617
0.0394977
0.0394977
0.175091
0.175091
0.310684
0.310684
0.446277
0.446277
0.581871
0.581871
0.717464
0.717464
0.853057
0.853057
0.195775
0.195775
0.331368
0.331368
0.466961
0.466961
0.602554
0.602554
0.738148
0.738148
0.873741
0.873741
0.00962124
0.00962124
0.145214
0.145214
0.280808
0.280808
0.416401
0.416401
0.551994
0.551994
0.687587
0.687587
0.823181
0.823181
0.958774
0.958774
0.0946543
0.0946543
0.230247
0.230247
0.365841
0.365841
0.501434
0.501434
0.637027
0.637027
0.77262
0.77262
0.908214
0.908214
0.0440941
0.0440941
0.179687
0.179687
0.315281
0.315281
0.450874
0.450874
0.586467
0.586467
0.72206
0.72206
0.857653
0.857653
0.993247
0.993247
0.129127
0.129127
0.26472
0.26472
0.400314
0.400314
0.535907
0.535907
0.6715
0.6715
0.807093
0.807093
0.942686
0.942686
0.0785669
0.0785669
0.21416
0.21416
0.349753
0.349753
0.485347
0.485347
0.62094
0.62094
0.756533
0.756533
0.892126
0.892126
0.0280068
0.0280068
0.1636
0.1636
0.299193
0.299193
0.434786
0.434786
0.57038
0.57038
0.705973
0.705973
0.841566
0.841566
0.977159
0.977159
0.11304
0.11304
0.248633
0.248633
0.384226
0.384226
0.519819
0.519819
0.655413
0.655413
0.791006
0.791006
0.926599
0.926599
0.0624796
0.0624796
0.198073
0.198073
0.333666
0.333666
0.469259
0.469259
0.604852
0.604852
0.740446
0.740446
0.876039
0.876039
0.0119194
0.0119194
0.147513
0.147513
0.283106
0.283106
0.418699
0.418699
0.554292
0.554292
0.689886
0.689886
0.825479
0.825479
0.961072
0.961072
0.0969525
0.0969525
0.232546
0.232546
0.368139
0.368139
0.503732
0.503732
0.639325
0.639325
0.774919
0.774919
0.910512
0.910512
0.0463923
0.0463923
0.181986
0.181986
0.317579
0.317579
0.453172
0.453172
0.588765
0.588765
0.724358
0.724358
0.859952
0.859952
0.995545
0.995545
0.131425
0.131425
0.267019
0.267019
0.402612
0.402612
0.538205
0.538205
0.673798
0.673798
0.809391
0.809391
0.944985
0.944985
0.0808651
0.0808651
0.216458
0.216458
0.352052
0.352052
0.487645
0.487645
0.623238
0.623238
0.758831
0.758831
0.894424
0.894424
0.0303049
0.0303049
0.165898
0.165898
0.301491
0.301491
0.437085
0.437085
0.572678
0.572678
0.708271
0.708271
0.843864
0.843864
0.979457
0.979457
0.115338
0.115338
0.250931
0.250931
0.386524
0.386524
0.522118
0.522118
0.657711
0.657711
0.793304
0.793304
0.928897
0.928897
0.0647778
0.0647778
0.200371
0.200371
0.335964
0.335964
0.471557
0.471557
0.607151
0.607151
0.742744
0.742744
0.878337
0.878337
0.0142176
0.0142176
0.149811
0.149811
0.285404
0.285404
0.420997
0.420997
0.55659
0.55659
0.692184
0.692184
0.827777
0.827777
0.96337
0.96337
0.0992507
0.0992507
0.234844
0.234844
0.370437
0.370437
0.50603
0.50603
0.641624
0.641624
0.777217
0.777217
0.91281
0.91281
0.0486905
0.0486905
0.184284
0.184284
0.319877
0.319877
0.45547
0.45547
0.591063
0.591063
0.726657
0.726657
0.86225
0.86225
0.997843
0.997843
0.133724
0.133724
0.269317
0.269317
0.40491
0.40491
0.540503
0.540503
0.676096
0.676096
0.81169
0.81169
0.947283
0.947283
0.0831633
0.0831633
0.218757
0.218757
0.35435
0.35435
0.489943
0.489943
0.625536
0.625536
0.761129
0.761129
0.896723
0.896723
0.0326031
0.0326031
0.168196
0.168196
0.30379
0.30379
0.439383
0.439383
0.574976
0.574976
0.710569
0.710569
0.846162
0.846162
0.981756
0.981756
0.117636
0.117636
0.253229
0.253229
0.388823
0.388823
0.524416
0.524416
0.660009
0.660009
0.795602
0.795602
0.931195
0.931195
0.067076
0.067076
0.202669
0.202669
0.338262
0.338262
0.473856
0.473856
0.609449
0.609449
0.745042
0.745042
0.880635
0.880635
0.0165158
0.0165158
0.152109
0.152109
0.287702
0.287702
0.423295
0.423295
0.558889
0.558889
0.694482
0.694482
0.830075
0.830075
0.965668
0.965668
0.101549
0.101549
0.237142
0.237142
0.372735
0.372735
0.508328
0.508328
0.643922
0.643922
0.779515
0.779515
0.915108
0.915108
0.0340444
0.0340444
0.169638
0.169638
0.305231
0.305231
0.440824
0.440824
0.576417
0.576417
0.712011
0.712011
0.847604
0.847604
0.983197
0.983197
0.119077
0.119077
0.254671
0.254671
0.390264
0.390264
0.525857
0.525857
0.66145
0.66145
0.797044
0.797044
0.932637
0.932637
0.0685172
0.0685172
0.20411
0.20411
0.339704
0.339704
0.475297
0.475297
0.61089
0.61089
0.746483
0.746483
0.882077
0.882077
0.017957
0.017957
0.15355
0.15355
0.289143
0.289143
0.424737
0.424737
0.56033
0.56033
0.695923
0.695923
0.831516
0.831516
0.96711
0.96711
0.10299
0.10299
0.238583
0.238583
0.581014
0.581014
0.716607
0.716607
0.8522
0.8522
0.987793
0.987793
0.123674
0.123674
0.259267
0.259267
0.39486
0.39486
0.530453
0.530453
0.666047
0.666047
0.80164
0.80164
0.937233
0.937233
0.0731136
0.0731136
0.208707
0.208707
0.3443
0.3443
0.479893
0.479893
0.615487
0.615487
0.75108
0.75108
0.886673
0.886673
0.0225534
0.0225534
0.158147
0.158147
0.29374
0.29374
0.429333
0.429333
0.564926
0.564926
0.70052
0.70052
0.836113
0.836113
0.971706
0.971706
0.107586
0.107586
0.24318
0.24318
0.378773
0.378773
0.514366
0.514366
0.649959
0.649959
0.785553
0.785553
0.921146
0.921146
0.0570263
0.0570263
0.19262
0.19262
0.328213
0.328213
0.463806
0.463806
0.599399
0.599399
0.734992
0.734992
0.870586
0.870586
0.00646609
0.00646609
0.142059
0.142059
0.277653
0.277653
0.413246
0.413246
0.548839
0.548839
0.684432
0.684432
0.820025
0.820025
0.955619
0.955619
0.0914991
0.0914991
0.227092
0.227092
0.362686
0.362686
0.498279
0.498279
0.633872
0.633872
0.769465
0.769465
0.905058
0.905058
0.0409389
0.0409389
0.1765320.368593
0.0722965
0.961185
0.664889
0.225932
0.818524
0.522228
0.127166
0.719759
0.423463
0.0284008
0.91729
0.620993
0.324697
0.785602
0.489306
0.19301
0.686837
0.390541
0.0942444
0.983133
0.588072
0.291775
0.884368
0.456384
0.160088
0.752681
0.357619
0.0613226
0.950212
0.653915
0.258853
0.851446
0.55515
0.111315
0.703908
0.407611
0.0125495
0.901438
0.605142
0.308846
0.802673
0.865265
0.470203
0.173907
0.7665
0.338516
0.0422198
0.931109
0.634812
0.239751
0.832343
0.536047
0.140985
0.733578
0.437282
0.00929799
0.898187
0.601891
0.305594
0.799421
0.503125
0.206829
0.700656
0.40436
0.108063
0.996952
0.557995
0.261699
0.854291
0.459229
0.162933
0.755526
0.360464
0.0641677
0.953057
0.65676
0.228777
0.821369
0.525073
0.130011
0.722604
0.426308
0.0312459
0.920135
0.623838
0.327542
0.788448
0.492151
0.195855
0.689682
0.393386
0.0970895
0.985978
0.590917
0.29462
0.887213
0.448255
0.151959
0.744552
0.34949
0.0531937
0.942083
0.645786
0.250725
0.843317
0.547021
0.119037
0.71163
0.415334
0.0202719
0.909161
0.612865
0.316568
0.810395
0.514099
0.217803
0.678708
0.382412
0.0861156
0.975005
0.579943
0.283646
0.876239
0.481177
0.184881
0.777474
0.333639
0.0373425
0.926231
0.629935
0.234873
0.827466
0.53117
0.136108
0.728701
0.432404
0.00442069
0.89331
0.597013
0.300717
0.794544
0.498248
0.201952
0.695779
0.399482
0.103186
0.992075
0.564092
0.267795
0.860388
0.465326
0.16903
0.761622
0.366561
0.0702643
0.959153
0.662857
0.223899
0.816492
0.520196
0.125134
0.717727
0.42143
0.0263686
0.915258
0.618961
0.322665
0.78357
0.487274
0.190978
0.684805
0.388508
0.0922122
0.981101
0.586039
0.289743
0.882336
0.454352
0.158056
0.750648
0.355587
0.0592904
0.948179
0.651883
0.256821
0.849414
0.553118
0.11416
0.706753
0.410456
0.0153946
0.904284
0.607987
0.311691
0.805518
0.509222
0.212925
0.673831
0.377535
0.0812382
0.970127
0.575065
0.278769
0.871362
0.4763
0.180004
0.772596
0.344613
0.0483164
0.937205
0.640909
0.245847
0.83844
0.542144
0.147082
0.739674
0.443378
0.000762706
0.889652
0.593355
0.297059
0.790886
0.49459
0.198294
0.692121
0.395824
0.0995282
0.988417
0.560434
0.264137
0.85673
0.461668
0.165372
0.757964
0.362903
0.0666063
0.955495
0.659199
0.231215
0.823808
0.527512
0.13245
0.725043
0.428746
0.0336845
0.922573
0.626277
0.329981
0.779912
0.483616
0.18732
0.681147
0.384851
0.0885542
0.977443
0.582381
0.286085
0.878678
0.450694
0.154398
0.74699
0.351929
0.0556324
0.944521
0.648225
0.253163
0.845756
0.54946
0.121476
0.714069
0.417772
0.0227106
0.9116
0.615303
0.319007
0.812834
0.516538
0.220241
0.670173
0.373877
0.0775803
0.966469
0.571407
0.275111
0.867704
0.472642
0.176346
0.768938
0.340955
0.0446585
0.933547
0.637251
0.242189
0.834782
0.538486
0.143424
0.736016
0.43972
0.0117366
0.900626
0.604329
0.308033
0.80186
0.505564
0.209268
0.703095
0.406798
0.110502
0.999391
0.556776
0.260479
0.853072
0.45801
0.161714
0.754306
0.359245
0.0629484
0.951837
0.655541
0.227557
0.82015
0.523854
0.128792
0.721385
0.425088
0.0300265
0.918916
0.622619
0.326323
0.787228
0.490932
0.194636
0.688463
0.392166
0.0958702
0.984759
0.589697
0.293401
0.885994
0.447036
0.15074
0.743333
0.348271
0.0519744
0.940863
0.644567
0.249505
0.842098
0.545802
0.117818
0.710411
0.414114
0.0190526
0.907942
0.611645
0.315349
0.809176
0.51288
0.216583
0.677489
0.381193
0.343393
0.0470971
0.935986
0.63969
0.244628
0.837221
0.540924
0.145863
0.738455
0.442159
0.00320136
0.89209
0.595794
0.299498
0.793325
0.497029
0.200732
0.694559
0.398263
0.101967
0.990856
0.562872
0.266576
0.859168
0.464107
0.16781
0.760403
0.365341
0.069045
0.957934
0.661638
0.233654
0.826247
0.52995
0.134889
0.727481
0.431185
0.0361232
0.925012
0.628716
0.33242
0.778693
0.482397
0.1861
0.679928
0.383631
0.0873349
0.976224
0.581162
0.284866
0.877458
0.449475
0.153179
0.745771
0.350709
0.0544131
0.943302
0.647006
0.251944
0.844537
0.54824
0.120257
0.712849
0.416553
0.0214913
0.91038
0.614084
0.317788
0.811615
0.515319
0.219022
0.668954
0.372657
0.0763609
0.96525
0.570188
0.273892
0.866484
0.471423
0.175126
                                                                                                                                                                                                                                                                                                                                                                                                                                                                                                                                                                                                                                                                                                                                                                                                                                                                                                                                                                                                                                                                                                                                                                                                                                                                                                                                                                                                                                                                                                                                                                                                                                                                                                                                                                                                                                                                                                                                                                                                                                                                                                                                                                                                                                                                                                                                                                                                                                                                                                                                                                                                                                                                                                                                                                                                                                                                                                                                                                                                                                                                                                                                                                                                                                                                                                                                                                                                                                                                                                                                                                                                                                                                                                                                                                                                                                                                                                                                                                                                                                                                                                                                                                                                                                                                                                                                                                                0.0696421
0.0383921
0.100892
0.0227671
0.0852671
0.0540171
0.116517
0.0149546
0.0774546
0.0462046
0.108705
0.0305796
0.0930796
0.0618296
0.12433
0.000794411
0.0632944
0.0320444
0.0945444
0.0164194
0.0789194
0.0476694
0.110169
0.00860691
0.0711069
0.0398569
0.102357
0.0242319
0.0867319
0.0554819
0.117982
0.00470066
0.0672007
0.0359507
0.0984507
0.0203257
0.0828257
0.0515757
0.114076
0.0125132
0.0750132
0.0437632
0.106263
0.0281382
0.0906382
0.0593882
0.121888
0.00274754
0.0652475
0.0339975
0.0964975
0.0183725
0.0808725
0.0496225
0.112123
0.01056
0.07306
0.04181
0.10431
0.026185
0.088685
0.057435
0.119935
0.00665379
0.0691538
0.0379038
0.100404
0.0222788
0.0847788
0.0535288
0.116029
0.0144663
0.0769663
0.0457163
0.108216
0.0300913
0.0925913
0.0613413
0.123841
0.00177097
0.064271
0.033021
0.095521
0.017396
0.079896
0.048646
0.111146
0.00958347
0.0720835
0.0408335
0.103333
0.0252085
0.0877085
0.0564585
0.118958
0.00567722
0.0681772
0.0369272
0.0994272
0.0213022
0.0838022
0.0525522
0.115052
0.0134897
0.0759897
0.0447397
0.10724
0.0291147
0.0916147
0.0603647
0.122865
0.0037241
0.0662241
0.0349741
0.0974741
0.0193491
0.0818491
0.0505991
0.113099
0.0115366
0.0740366
0.0427866
0.105287
0.0271616
0.0896616
0.0584116
0.120912
0.00763035
0.0701303
0.0388803
0.10138
0.0232553
0.0857553
0.0545053
0.117005
0.0154428
0.0779428
0.0466928
0.109193
0.0310678
0.0935678
0.0623178
0.124818
0.000184059
0.0626841
0.0314341
0.0939341
0.0158091
0.0783091
0.0470591
0.109559
0.00799656
0.0704966
0.0392466
0.101747
0.0236216
0.0861216
0.0548716
0.117372
0.00409031
0.0665903
0.0353403
0.0978403
0.0197153
0.0822153
0.0509653
0.113465
0.0119028
0.0744028
0.0431528
0.105653
0.0275278
0.0900278
0.0587778
0.121278
0.00213718
0.0646372
0.0333872
0.0958872
0.0177622
0.0802622
0.0490122
0.111512
0.00994968
0.0724497
0.0411997
0.1037
0.0255747
0.0880747
0.0568247
0.119325
0.00604343
0.0685434
0.0372934
0.0997934
0.0216684
0.0841684
0.0529184
0.115418
0.0138559
0.0763559
0.0451059
0.107606
0.0294809
0.0919809
0.0607309
0.123231
0.00116062
0.0636606
0.0324106
0.0949106
0.0167856
0.0792856
0.0480356
0.110536
0.00897312
0.0714731
0.0402231
0.102723
0.0245981
0.0870981
0.0558481
0.118348
0.00506687
0.0675669
0.0363169
0.0988169
0.0206919
0.0831919
0.0519419
0.114442
0.0128794
0.0753794
0.0441294
0.106629
0.0285044
0.0910044
0.0597544
0.122254
0.00311375
0.0656137
0.0343637
0.0968637
0.0187387
0.0812387
0.0499887
0.112489
0.0109262
0.0734262
0.0421762
0.104676
0.0265512
0.0890512
0.0578012
0.120301
0.00702
0.06952
0.03827
0.10077
0.022645
0.085145
0.053895
0.116395
0.0148325
0.0773325
0.0460825
0.108582
0.0304575
0.0929575
0.0617075
0.124207
0.00067234
0.0631723
0.0319223
0.0944223
0.0162973
0.0787973
0.0475473
0.110047
0.00848484
0.0709848
0.0397348
0.102235
0.0234995
0.0859995
0.0547495
0.117249
0.00396824
0.0664682
0.0352182
0.0977182
0.0195932
0.0820932
0.0508432
0.113343
0.0117807
0.0742807
0.0430307
0.105531
0.0274057
0.0899057
0.0586557
0.121156
0.00201511
0.0645151
0.0332651
0.0957651
0.0176401
0.0801401
0.0488901
0.11139
0.00982761
0.0723276
0.0410776
0.103578
0.0254526
0.0879526
0.0567026
0.119203
0.00592136
0.0684214
0.0371714
0.0996714
0.0215464
0.0840464
0.0527964
0.115296
0.0137339
0.0762339
0.0449839
0.107484
0.0293589
0.0918589
0.0606089
0.123109
0.00103855
0.0635386
0.0322886
0.0947886
0.0166636
0.0791636
0.0479136
0.110414
0.00885105
0.0713511
0.0401011
0.102601
0.0244761
0.0869761
0.0557261
0.118226
0.0049448
0.0674448
0.0361948
0.0986948
0.0205698
0.0830698
0.0518198
0.11432
0.0127573
0.0752573
0.0440073
0.106507
